0 0.118545 0.412666 0.057492 0.181687
0 0.479128 0.438604 0.0508305 0.159722
0 0.282527 0.223404 0.0496222 0.161723
0 0.702941 0.440722 0.0488451 0.156093
0 0.803601 0.469344 0.0522345 0.170598
0 0.906398 0.140423 0.0468354 0.158002
0 0.163385 0.178039 0.050011 0.163464
0 0.609129 0.516934 0.0488333 0.152885
0 0.847816 0.0999486 0.0475006 0.149371
0 0.938139 0.36639 0.0491863 0.146411
0 0.546737 0.222729 0.0486973 0.161827
0 0.571032 0.432567 0.0473469 0.159451
0 0.581014 0.101693 0.047245 0.166478
0 0.380459 0.426285 0.0485209 0.148116
0 0.761584 0.253635 0.0481449 0.157637
0 0.398045 0.22747 0.0477341 0.147179
0 0.486936 0.0766792 0.0444916 0.13542
0 0.11275 0.0941942 0.0469172 0.140708
0 0.713785 0.267533 0.0442958 0.149976
0 0.267698 0.0721788 0.0485265 0.137865
0 0.302671 0.404651 0.0504429 0.150993
0 0.0511232 0.290129 0.0538647 0.182615
0 0.985268 0.145365 0.0291172 0.167447
0 0.617785 0.222117 0.0476826 0.158858
0 0.778813 0.0565526 0.0466131 0.106257
0 0.42254 0.116472 0.0472305 0.157505
0 0.375643 0.0491451 0.0448271 0.0964068
0 0.179573 0.0572705 0.0412249 0.103263
0 0.968073 0.0526925 0.0462093 0.101022
0 0.0372447 0.0414201 0.0448017 0.0817849
0 0.332634 0.046817 0.0435019 0.0915308
0 0.877611 0.0256807 0.0453493 0.0513613
