0 0.884183 0.425625 0.02768 0.0628839
0 0.847504 0.383981 0.0237154 0.0484283
0 0.269983 0.427432 0.0198795 0.0429022
0 0.253809 0.487126 0.0233917 0.0489153
0 0.698102 0.498556 0.0223386 0.0445078
0 0.318299 0.43514 0.0196841 0.0453761
0 0.0490158 0.491155 0.0262089 0.0502783
0 0.158052 0.362798 0.0204914 0.0432655
0 0.752307 0.434436 0.022723 0.044616
0 0.118737 0.476469 0.0251668 0.049837
0 0.466714 0.373946 0.0170967 0.036742
0 0.189167 0.378836 0.0217582 0.045477
0 0.754859 0.507907 0.0231565 0.0483127
0 0.596587 0.411229 0.0203843 0.0442305
0 0.442892 0.518199 0.0202015 0.0441554
0 0.693085 0.391385 0.0189186 0.0380947
0 0.819392 0.524003 0.027695 0.0550062
0 0.447254 0.424689 0.0186852 0.0387385
0 0.185871 0.476591 0.0241276 0.0471553
0 0.539994 0.406713 0.0175551 0.0399294
0 0.518221 0.501092 0.0210431 0.0428111
0 0.487577 0.368092 0.016183 0.0348325
0 0.797394 0.387027 0.0235479 0.0494021
0 0.721403 0.427962 0.0217385 0.0441174
0 0.51076 0.390607 0.0181069 0.0388556
0 0.484078 0.44684 0.0193698 0.0408251
0 0.352069 0.493704 0.0193163 0.0405379
0 0.220556 0.455573 0.0208722 0.0478508
0 0.666817 0.460058 0.0227415 0.0467567
0 0.636753 0.51906 0.0214327 0.0445706
0 0.39198 0.487287 0.0205183 0.0426924
0 0.300602 0.399722 0.0185892 0.0431727
0 0.639709 0.421253 0.0201309 0.0465745
0 0.572224 0.478614 0.0191395 0.0384038
0 0.421881 0.42678 0.0181772 0.0374724
0 0.171694 0.417858 0.0228072 0.0477243
0 0.565355 0.410684 0.0185297 0.0420093
0 0.0643275 0.437254 0.0268417 0.0514277
0 0.584953 0.38808 0.0173137 0.0365909
0 0.60261 0.535014 0.0205555 0.040376
0 0.675773 0.378975 0.0188003 0.03965
0 0.317962 0.490734 0.0197887 0.0422885
0 0.549187 0.376879 0.0166719 0.0360817
0 0.478532 0.499201 0.0183066 0.0403161
0 0.106466 0.378976 0.0203146 0.042999
0 0.400273 0.391194 0.0175577 0.0367848
0 0.24411 0.402904 0.0184587 0.0386101
0 0.359096 0.43681 0.0187415 0.0426819
0 0.508481 0.440644 0.0207008 0.0433249
0 0.123399 0.401559 0.0235886 0.0477117
0 0.75384 0.392358 0.0220451 0.042724
0 0.33483 0.384431 0.0158938 0.0342207
0 0.421849 0.394809 0.0187855 0.0393861
0 0.266211 0.389104 0.0172253 0.0353025
0 0.247834 0.370207 0.0181084 0.0366822
0 0.526351 0.394019 0.0150925 0.035968
0 0.318986 0.394345 0.0177008 0.0385964
0 0.21932 0.380997 0.0206114 0.0418375
0 0.622188 0.383428 0.0230995 0.0406625
0 0.0731322 0.383744 0.0217308 0.0458893
0 0.427879 0.498808 0.0180589 0.0399352
0 0.671441 0.422062 0.0172903 0.0374582
0 0.370923 0.377215 0.0163399 0.0333241
0 0.366404 0.407529 0.0204345 0.0404118
0 0.411558 0.374997 0.015601 0.0312283
0 0.354806 0.382296 0.0140334 0.0349562
0 0.298328 0.375472 0.0164553 0.0321698
0 0.351411 0.381421 0.0163879 0.0352618
0 0.34921 0.380316 0.0119334 0.0342931
