0 0.846605 0.383739 0.0246086 0.0524143 0.762251
0 0.466043 0.375178 0.0167691 0.0376527 0.748576
0 0.119003 0.476727 0.0276326 0.0541316 0.746065
0 0.819524 0.523415 0.0271389 0.0588035 0.744364
0 0.189937 0.378546 0.0210231 0.0449776 0.744088
0 0.243775 0.404412 0.020264 0.0411462 0.741968
0 0.0648667 0.439228 0.0272537 0.0523328 0.732172
0 0.754296 0.506974 0.0235322 0.0512474 0.73028
0 0.667378 0.460998 0.0234594 0.0474166 0.729916
0 0.26961 0.428562 0.0201715 0.0445125 0.729784
0 0.639802 0.421104 0.0204182 0.0459732 0.729485
0 0.0485268 0.489707 0.0291215 0.0592311 0.72878
0 0.571748 0.477132 0.0222633 0.0451696 0.723435
0 0.186412 0.476969 0.0255712 0.0548256 0.721912
0 0.253903 0.487908 0.0257067 0.0553516 0.71491
0 0.447615 0.42658 0.0186305 0.041396 0.711852
0 0.883409 0.426562 0.0297829 0.062043 0.711529
0 0.752686 0.43464 0.0225703 0.0456912 0.711072
0 0.548855 0.377409 0.0168398 0.0372828 0.710793
0 0.518085 0.500652 0.0240929 0.0488615 0.709329
0 0.358299 0.438608 0.020842 0.0456162 0.709166
0 0.31818 0.43587 0.0208055 0.0424026 0.704575
0 0.753664 0.393126 0.0236144 0.0478482 0.703933
0 0.478564 0.497778 0.0214685 0.0466464 0.703524
0 0.636852 0.519842 0.0248922 0.0496004 0.703162
0 0.697777 0.497939 0.0240832 0.0502316 0.702783
0 0.072509 0.384354 0.0229868 0.0472894 0.699346
0 0.693388 0.391207 0.0203501 0.0414672 0.69718
0 0.351814 0.382176 0.018139 0.0388787 0.696078
0 0.720758 0.428204 0.0223043 0.0483759 0.690533
0 0.421483 0.427384 0.0187738 0.0421178 0.689628
0 0.370339 0.376982 0.0179959 0.0350978 0.687239
0 0.602587 0.535838 0.0230455 0.0489302 0.685936
0 0.334754 0.385338 0.0166429 0.0382954 0.682844
0 0.483101 0.446579 0.0197704 0.0444844 0.682304
0 0.564816 0.409734 0.0188208 0.0409492 0.682085
0 0.541315 0.408197 0.018248 0.039431 0.681455
0 0.265835 0.389281 0.0176532 0.0375435 0.679886
0 0.597371 0.41273 0.0217391 0.0454691 0.679689
0 0.157866 0.363357 0.0218196 0.0464826 0.672656
0 0.511137 0.390595 0.0172897 0.0387519 0.668295
0 0.421478 0.392218 0.018294 0.0390189 0.667242
0 0.442133 0.515475 0.0222973 0.0508352 0.666115
0 0.622131 0.382941 0.0225258 0.0425842 0.665955
0 0.318322 0.39417 0.0176503 0.0396487 0.665406
0 0.798159 0.390069 0.0238155 0.0484885 0.647719
0 0.675564 0.380236 0.019358 0.0429235 0.645075
0 0.527053 0.395832 0.0154562 0.0390974 0.644408
0 0.31628 0.491945 0.0241701 0.0540767 0.642952
0 0.510054 0.442111 0.020643 0.0424933 0.641951
0 0.487417 0.366915 0.0166054 0.0356899 0.632985
0 0.106066 0.377995 0.0211744 0.0446692 0.627599
0 0.17239 0.421141 0.0249917 0.0501251 0.624908
0 0.300265 0.399368 0.0182518 0.0401277 0.617618
0 0.425188 0.494609 0.0257401 0.0566021 0.610355
0 0.584695 0.388338 0.0192175 0.0412433 0.600061
0 0.368289 0.407334 0.0194142 0.0389747 0.598424
0 0.298012 0.374019 0.0173037 0.032296 0.589396
0 0.350518 0.49331 0.0248353 0.0541091 0.576239
0 0.399607 0.390002 0.0168559 0.0393542 0.575523
0 0.391337 0.491591 0.0223938 0.0473895 0.572441
0 0.219774 0.383058 0.0213687 0.0420423 0.553733
0 0.24705 0.37271 0.020171 0.0381142 0.541913
