0,0,788,448,145,219,1,1,1
0,1,345,146,112,131,1,1,1
0,2,1007,252,59,68,1,1,1
0,3,1174,232,58,69,1,1,1
0,4,566,246,50,62,1,1,1
0,5,662,271,66,77,1,1,1
0,6,953,267,61,59,1,1,1
1,0,788,448,145,219,1,1,1
1,1,347,147,112,130,1,1,1
1,3,1174,232,58,69,1,1,1
1,2,1007,252,59,69,1,1,1
1,4,566,246,51,62,1,1,1
1,6,954,268,61,58,1,1,1
1,5,663,271,65,77,1,1,1
2,0,788,448,145,220,1,1,1
2,1,348,147,111,130,1,1,1
2,3,1174,232,58,69,1,1,1
2,2,1007,252,60,69,1,1,1
2,4,566,247,51,62,1,1,1
2,5,660,272,69,77,1,1,1
2,6,955,268,60,59,1,1,1
3,0,787,448,146,219,1,1,1
3,1,349,148,112,130,1,1,1
3,3,1174,232,58,69,1,1,1
3,2,1008,252,59,69,1,1,1
3,4,566,247,51,62,1,1,1
3,5,661,272,68,78,1,1,1
3,6,955,268,60,60,1,1,1
4,0,788,447,145,220,1,1,1
4,1,350,148,111,129,1,1,1
4,3,1174,232,58,69,1,1,1
4,2,1008,253,60,67,1,1,1
4,4,566,247,52,64,1,1,1
4,5,662,272,68,79,1,1,1
4,6,955,269,61,60,1,1,1
5,0,787,447,146,220,1,1,1
5,1,351,148,111,129,1,1,1
5,3,1173,233,59,69,1,1,1
5,2,1009,253,59,67,1,1,1
5,4,566,247,52,65,1,1,1
5,5,662,273,68,78,1,1,1
5,6,956,269,60,61,1,1,1
5,7,1267,196,13,60,1,1,1
6,0,788,447,146,220,1,1,1
6,1,352,149,110,129,1,1,1
6,3,1173,233,59,69,1,1,1
6,2,1010,253,58,67,1,1,1
6,5,663,273,68,79,1,1,1
6,4,567,248,51,63,1,1,1
6,6,956,269,60,61,1,1,1
6,7,1267,198,13,58,1,1,1
7,0,788,447,146,219,1,1,1
7,1,352,149,111,129,1,1,1
7,3,1173,233,58,69,1,1,1
7,2,1010,254,59,66,1,1,1
7,5,663,274,68,79,1,1,1
7,4,567,248,51,62,1,1,1
7,6,956,270,61,60,1,1,1
7,7,1266,199,14,58,1,1,1
8,0,788,447,147,219,1,1,1
8,1,353,150,110,128,1,1,1
8,3,1173,233,58,68,1,1,1
8,5,663,275,68,79,1,1,1
8,2,1011,254,58,66,1,1,1
8,4,567,248,51,62,1,1,1
8,6,957,270,60,60,1,1,1
8,7,1264,199,16,58,1,1,1
9,0,788,448,147,218,1,1,1
9,1,354,150,109,128,1,1,1
9,3,1173,233,58,68,1,1,1
9,5,664,276,67,77,1,1,1
9,4,567,249,51,62,1,1,1
9,2,1013,254,56,64,1,1,1
9,6,957,271,61,60,1,1,1
9,7,1263,199,17,62,1,1,1
10,0,789,448,147,218,1,1,1
10,1,355,151,108,127,1,1,1
10,3,1173,233,57,67,1,1,1
10,5,665,276,66,76,1,1,1
10,4,568,249,52,63,1,1,1
10,2,1014,254,56,64,1,1,1
10,6,958,271,60,60,1,1,1
10,7,1262,198,18,72,1,1,1
11,0,789,448,147,217,1,1,1
11,1,356,152,108,126,1,1,1
11,3,1173,233,57,68,1,1,1
11,5,666,277,65,75,1,1,1
11,4,568,250,52,62,1,1,1
11,6,959,272,60,60,1,1,1
11,2,1014,255,57,63,1,1,1
11,7,1261,200,19,71,1,1,1
12,0,788,448,148,217,1,1,1
12,1,356,152,108,127,1,1,1
12,3,1173,233,57,68,1,1,1
12,2,1015,255,57,64,1,1,1
12,5,666,277,66,76,1,1,1
12,6,960,272,60,62,1,1,1
12,4,569,250,52,62,1,1,1
12,7,1259,200,21,74,1,1,1
13,0,788,447,147,220,1,1,1
13,1,355,152,108,127,1,1,1
13,3,1173,233,57,67,1,1,1
13,2,1016,255,56,65,1,1,1
13,5,666,277,66,76,1,1,1
13,6,961,272,60,61,1,1,1
13,4,569,250,51,62,1,1,1
13,7,1258,202,22,69,1,1,1
14,0,788,447,147,219,1,1,1
14,1,355,152,108,127,1,1,1
14,3,1172,233,57,67,1,1,1
14,2,1016,255,57,65,1,1,1
14,5,666,277,66,76,1,1,1
14,4,569,250,52,64,1,1,1
14,6,962,273,59,59,1,1,1
14,7,1256,202,24,71,1,1,1
15,0,788,446,146,220,1,1,1
15,1,355,153,108,127,1,1,1
15,3,1172,233,56,66,1,1,1
15,5,667,277,65,76,1,1,1
15,2,1016,255,56,64,1,1,1
15,4,569,251,52,64,1,1,1
15,6,962,273,59,58,1,1,1
15,7,1255,204,24,62,1,1,1
16,0,787,446,146,220,1,1,1
16,1,354,153,107,127,1,1,1
16,5,667,278,65,74,1,1,1
16,3,1169,234,57,66,1,1,1
16,4,569,252,51,64,1,1,1
16,2,1014,257,58,63,1,1,1
16,6,962,274,58,57,1,1,1
16,7,1254,204,26,62,1,1,1
17,0,785,447,146,220,1,1,1
17,1,353,154,107,126,1,1,1
17,3,1169,235,55,65,1,1,1
17,5,667,278,64,75,1,1,1
17,4,568,253,51,62,1,1,1
17,2,1015,257,57,64,1,1,1
17,6,962,275,58,58,1,1,1
17,7,1253,204,27,63,1,1,1
18,0,785,448,145,219,1,1,1
18,1,352,156,107,125,1,1,1
18,3,1168,236,56,65,1,1,1
18,5,667,279,63,75,1,1,1
18,2,1015,258,58,67,1,1,1
18,4,568,255,50,61,1,1,1
18,6,962,277,60,58,1,1,1
18,7,1253,205,26,61,1,1,1
19,0,784,448,146,219,1,1,1
19,1,351,157,108,125,1,1,1
19,3,1167,236,55,65,1,1,1
19,5,667,279,63,76,1,1,1
19,4,568,256,50,61,1,1,1
19,2,1015,259,58,66,1,1,1
19,6,963,277,58,59,1,1,1
19,7,1253,206,26,62,1,1,1
20,0,785,448,146,219,1,1,1
20,1,350,157,108,125,1,1,1
20,3,1167,237,55,66,1,1,1
20,5,666,280,65,75,1,1,1
20,4,569,256,49,62,1,1,1
20,2,1014,259,58,68,1,1,1
20,6,964,278,58,57,1,1,1
20,7,1254,206,26,69,1,1,1
21,0,786,449,146,219,1,1,1
21,1,350,158,108,125,1,1,1
21,3,1166,238,55,66,1,1,1
21,5,667,281,64,75,1,1,1
21,2,1014,261,59,70,1,1,1
21,4,569,257,51,64,1,1,1
21,6,965,278,59,59,1,1,1
21,7,1255,209,25,66,1,1,1
22,0,786,451,148,216,1,1,1
22,1,351,159,107,124,1,1,1
22,3,1165,239,56,66,1,1,1
22,5,667,282,66,76,1,1,1
22,2,1016,262,58,69,1,1,1
22,4,571,258,49,61,1,1,1
22,6,966,279,59,58,1,1,1
22,7,1258,210,22,62,1,1,1
23,0,789,452,147,216,1,1,1
23,1,352,160,107,125,1,1,1
23,3,1165,240,56,65,1,1,1
23,5,669,283,65,74,1,1,1
23,2,1017,262,58,67,1,1,1
23,4,572,259,50,63,1,1,1
23,6,967,279,59,57,1,1,1
23,7,1262,212,18,58,1,1,1
24,0,792,452,146,215,1,1,1
24,1,352,160,109,128,1,1,1
24,5,671,284,64,72,1,1,1
24,3,1165,240,56,65,1,1,1
24,2,1019,263,57,65,1,1,1
24,4,573,259,50,61,1,1,1
24,6,968,280,59,56,1,1,1
24,7,1265,212,15,55,1,1,1
25,0,796,453,146,214,1,1,1
25,1,354,161,110,128,1,1,1
25,3,1165,241,57,65,1,1,1
25,5,673,285,64,72,1,1,1
25,2,1020,263,58,65,1,1,1
25,4,574,260,50,58,1,1,1
25,6,970,280,58,57,1,1,1
26,0,799,453,146,216,1,1,1
26,1,357,162,109,128,1,1,1
26,2,1023,264,58,70,1,1,1
26,3,1166,242,57,65,1,1,1
26,5,675,286,64,72,1,1,1
26,6,972,281,59,56,1,1,1
26,4,576,262,50,59,1,1,1
27,0,803,455,146,216,1,1,1
27,1,359,163,109,128,1,1,1
27,3,1166,242,57,64,1,1,1
27,2,1025,264,58,68,1,1,1
27,5,676,286,66,76,1,1,1
27,6,974,282,60,56,1,1,1
27,4,578,262,50,61,1,1,1
28,0,805,457,148,213,1,1,1
28,1,362,164,108,129,1,1,1
28,3,1167,243,56,64,1,1,1
28,2,1028,264,57,67,1,1,1
28,5,678,287,65,74,1,1,1
28,6,976,283,60,55,1,1,1
28,4,580,263,51,61,1,1,1
29,0,806,460,150,215,1,1,1
29,1,364,166,109,127,1,1,1
29,3,1167,244,55,65,1,1,1
29,2,1029,266,59,72,1,1,1
29,5,679,289,65,76,1,1,1
29,4,580,263,53,63,1,1,1
29,6,978,284,59,57,1,1,1
30,0,809,460,148,216,1,1,1
30,1,366,167,109,127,1,1,1
30,3,1167,246,55,65,1,1,1
30,2,1030,266,59,72,1,1,1
30,5,681,290,65,76,1,1,1
30,6,979,285,60,57,1,1,1
30,4,581,263,52,62,1,1,1
31,0,811,460,147,218,1,1,1
31,1,368,167,109,128,1,1,1
31,2,1032,266,59,71,1,1,1
31,3,1167,246,55,66,1,1,1
31,5,679,290,67,78,1,1,1
31,4,583,264,50,57,1,1,1
31,6,980,285,60,57,1,1,1
32,0,814,459,146,218,1,1,1
32,1,369,167,109,127,1,1,1
32,2,1033,266,59,72,1,1,1
32,3,1166,247,56,66,1,1,1
32,5,684,291,65,75,1,1,1
32,6,982,286,61,57,1,1,1
32,4,585,264,49,58,1,1,1
33,0,816,457,148,220,1,1,1
33,1,370,167,110,127,1,1,1
33,3,1166,247,56,65,1,1,1
33,2,1034,266,60,71,1,1,1
33,5,684,291,65,74,1,1,1
33,4,585,264,50,59,1,1,1
33,6,982,285,61,56,1,1,1
34,0,818,458,147,221,1,1,1
34,1,370,167,111,127,1,1,1
34,2,1035,267,59,70,1,1,1
34,3,1166,248,55,65,1,1,1
34,5,685,291,66,73,1,1,1
34,4,586,264,51,62,1,1,1
34,6,983,285,61,58,1,1,1
35,0,818,460,148,219,1,1,1
35,1,371,167,110,128,1,1,1
35,2,1036,268,58,70,1,1,1
35,3,1165,248,55,65,1,1,1
35,5,686,292,65,72,1,1,1
35,4,587,265,51,62,1,1,1
35,6,984,286,61,58,1,1,1
36,0,818,461,148,218,1,1,1
36,1,372,168,110,128,1,1,1
36,2,1037,268,58,69,1,1,1
36,3,1164,248,55,66,1,1,1
36,5,687,292,65,74,1,1,1
36,4,588,265,51,63,1,1,1
36,6,984,287,60,57,1,1,1
37,0,817,460,148,219,1,1,1
37,1,372,168,111,128,1,1,1
37,2,1037,269,58,68,1,1,1
37,3,1164,249,55,66,1,1,1
37,5,686,293,66,75,1,1,1
37,4,589,266,50,62,1,1,1
37,6,984,288,60,56,1,1,1
38,0,817,460,148,219,1,1,1
38,1,373,168,112,129,1,1,1
38,2,1038,269,58,68,1,1,1
38,3,1164,250,55,65,1,1,1
38,5,687,293,66,76,1,1,1
38,4,589,266,52,62,1,1,1
38,6,986,288,59,58,1,1,1
39,0,817,461,147,218,1,1,1
39,1,374,169,112,128,1,1,1
39,2,1038,269,58,68,1,1,1
39,5,687,293,66,77,1,1,1
39,3,1163,250,56,65,1,1,1
39,4,590,266,51,62,1,1,1
39,6,986,288,60,58,1,1,1
40,0,817,461,148,219,1,1,1
40,1,375,169,112,129,1,1,1
40,3,1164,252,56,65,1,1,1
40,2,1038,270,58,68,1,1,1
40,5,688,293,66,76,1,1,1
40,4,590,266,52,62,1,1,1
40,6,986,289,60,58,1,1,1
41,0,817,463,147,219,1,1,1
41,1,377,170,111,129,1,1,1
41,5,688,294,66,76,1,1,1
41,3,1165,253,55,64,1,1,1
41,2,1038,270,59,69,1,1,1
41,4,591,267,52,62,1,1,1
41,6,987,289,60,60,1,1,1
42,0,816,462,149,219,1,1,1
42,1,379,171,112,131,1,1,1
42,5,689,294,65,75,1,1,1
42,3,1166,254,55,64,1,1,1
42,2,1038,271,59,68,1,1,1
42,4,592,268,51,61,1,1,1
42,6,987,290,61,60,1,1,1
43,0,817,462,148,219,1,1,1
43,1,383,172,109,130,1,1,1
43,3,1166,255,56,63,1,1,1
43,5,690,294,64,74,1,1,1
43,2,1039,271,58,68,1,1,1
43,4,592,268,51,61,1,1,1
43,6,987,290,62,61,1,1,1
44,0,818,463,147,219,1,1,1
44,1,386,172,109,128,1,1,1
44,3,1167,255,55,63,1,1,1
44,5,691,295,64,73,1,1,1
44,2,1039,271,59,68,1,1,1
44,4,593,269,51,61,1,1,1
44,6,988,290,61,61,1,1,1
45,0,818,463,147,219,1,1,1
45,1,389,172,109,126,1,1,1
45,3,1168,256,55,63,1,1,1
45,5,692,295,63,73,1,1,1
45,2,1040,271,59,68,1,1,1
45,4,593,269,51,60,1,1,1
45,6,988,290,61,61,1,1,1
46,0,819,464,147,217,1,1,1
46,1,394,174,107,125,1,1,1
46,3,1170,257,55,64,1,1,1
46,5,692,296,64,74,1,1,1
46,2,1040,272,60,68,1,1,1
46,4,593,270,52,61,1,1,1
46,6,989,291,60,60,1,1,1
47,0,820,464,147,217,1,1,1
47,1,398,174,109,128,1,1,1
47,3,1171,258,56,64,1,1,1
47,5,692,296,65,76,1,1,1
47,2,1041,272,61,70,1,1,1
47,4,594,270,51,60,1,1,1
47,6,990,291,60,61,1,1,1
48,0,821,465,146,217,1,1,1
48,1,401,175,111,128,1,1,1
48,3,1173,258,56,64,1,1,1
48,5,693,297,64,74,1,1,1
48,2,1041,273,62,69,1,1,1
48,4,594,270,51,61,1,1,1
48,6,990,292,60,60,1,1,1
49,0,821,466,147,216,1,1,1
49,1,405,176,111,125,1,1,1
49,3,1174,259,57,65,1,1,1
49,5,694,298,64,75,1,1,1
49,4,595,271,51,60,1,1,1
49,2,1043,273,61,70,1,1,1
49,6,991,292,59,61,1,1,1
50,0,821,467,148,216,1,1,1
50,1,410,176,110,129,1,1,1
50,3,1175,259,57,66,1,1,1
50,5,694,298,64,75,1,1,1
50,4,595,271,52,62,1,1,1
50,2,1044,273,60,69,1,1,1
50,6,991,292,59,61,1,1,1
51,0,820,467,150,216,1,1,1
51,1,416,177,108,128,1,1,1
51,3,1177,260,57,64,1,1,1
51,2,1045,274,59,69,1,1,1
51,4,595,271,53,64,1,1,1
51,5,694,298,65,77,1,1,1
51,6,992,293,60,56,1,1,1
52,0,821,466,150,217,1,1,1
52,1,420,177,108,128,1,1,1
52,3,1178,260,57,64,1,1,1
52,4,596,271,52,63,1,1,1
52,2,1045,274,60,69,1,1,1
52,5,695,298,64,76,1,1,1
52,6,992,293,60,56,1,1,1
53,0,822,467,149,216,1,1,1
53,1,426,177,106,126,1,1,1
53,3,1180,260,57,64,1,1,1
53,4,597,272,52,63,1,1,1
53,2,1045,274,60,70,1,1,1
53,5,695,298,65,76,1,1,1
53,6,993,294,60,58,1,1,1
54,0,822,467,150,216,1,1,1
54,1,429,177,107,127,1,1,1
54,3,1181,261,56,63,1,1,1
54,4,598,272,51,62,1,1,1
54,2,1046,274,60,70,1,1,1
54,5,696,298,65,77,1,1,1
54,6,993,294,60,58,1,1,1
55,0,823,468,149,215,1,1,1
55,1,433,178,108,127,1,1,1
55,3,1182,261,56,63,1,1,1
55,4,598,272,51,62,1,1,1
55,2,1047,275,59,68,1,1,1
55,5,696,299,65,76,1,1,1
55,6,993,294,61,59,1,1,1
56,0,823,468,149,216,1,1,1
56,1,436,178,109,127,1,1,1
56,3,1183,262,56,62,1,1,1
56,4,599,272,51,63,1,1,1
56,2,1047,275,59,68,1,1,1
56,5,697,299,65,77,1,1,1
56,6,994,295,61,57,1,1,1
57,0,825,468,148,217,1,1,1
57,1,440,178,109,127,1,1,1
57,3,1184,262,56,63,1,1,1
57,4,600,272,50,62,1,1,1
57,2,1048,275,59,68,1,1,1
57,5,697,299,65,75,1,1,1
57,6,995,294,61,56,1,1,1
58,0,825,468,149,218,1,1,1
58,1,442,177,110,130,1,1,1
58,3,1185,262,56,63,1,1,1
58,4,600,273,51,62,1,1,1
58,2,1048,275,59,69,1,1,1
58,5,697,299,66,75,1,1,1
58,6,995,295,61,56,1,1,1
59,0,825,469,148,218,1,1,1
59,1,447,178,108,128,1,1,1
59,3,1185,263,57,63,1,1,1
59,4,600,273,51,63,1,1,1
59,2,1048,276,59,68,1,1,1
59,5,698,300,64,74,1,1,1
59,6,995,295,61,56,1,1,1
60,0,826,469,148,218,1,1,1
60,1,450,178,107,128,1,1,1
60,3,1186,263,56,64,1,1,1
60,4,600,273,51,63,1,1,1
60,2,1048,276,59,68,1,1,1
60,5,698,299,65,75,1,1,1
60,6,996,295,60,55,1,1,1
61,0,827,469,148,218,1,1,1
61,1,452,177,108,127,1,1,1
61,3,1187,264,56,63,1,1,1
61,4,600,273,51,62,1,1,1
61,2,1049,276,58,68,1,1,1
61,5,698,299,64,76,1,1,1
61,6,995,295,60,57,1,1,1
62,0,827,468,149,218,1,1,1
62,1,455,177,107,125,1,1,1
62,3,1187,264,56,64,1,1,1
62,4,600,273,50,62,1,1,1
62,2,1048,276,59,68,1,1,1
62,5,698,299,64,75,1,1,1
62,6,995,295,61,58,1,1,1
63,0,827,467,149,218,1,1,1
63,1,458,176,106,126,1,1,1
63,3,1187,264,56,64,1,1,1
63,4,600,273,50,61,1,1,1
63,2,1049,275,58,68,1,1,1
63,5,698,299,64,74,1,1,1
63,6,996,295,60,56,1,1,1
64,0,827,466,148,217,1,1,1
64,1,460,175,107,125,1,1,1
64,3,1188,263,55,64,1,1,1
64,4,600,272,50,63,1,1,1
64,2,1048,275,59,68,1,1,1
64,5,697,298,66,75,1,1,1
64,6,996,294,60,57,1,1,1
65,0,827,465,147,217,1,1,1
65,1,463,174,107,126,1,1,1
65,3,1187,263,57,63,1,1,1
65,4,600,272,51,61,1,1,1
65,2,1048,274,59,69,1,1,1
65,5,697,297,66,76,1,1,1
65,6,996,293,60,58,1,1,1
66,0,826,463,148,218,1,1,1
66,1,465,173,108,127,1,1,1
66,3,1187,262,57,64,1,1,1
66,4,600,272,50,60,1,1,1
66,2,1048,274,59,68,1,1,1
66,5,697,297,64,77,1,1,1
66,6,996,292,60,61,1,1,1
67,0,825,461,147,219,1,1,1
67,1,467,172,108,127,1,1,1
67,3,1187,262,58,63,1,1,1
67,2,1048,274,59,68,1,1,1
67,4,600,271,50,60,1,1,1
67,5,697,296,64,80,1,1,1
67,6,995,292,61,62,1,1,1
68,0,824,459,148,221,1,1,1
68,1,469,171,109,126,1,1,1
68,3,1187,261,58,64,1,1,1
68,2,1047,272,60,69,1,1,1
68,4,600,270,49,61,1,1,1
68,5,696,295,65,81,1,1,1
68,6,995,291,60,61,1,1,1
69,0,822,457,149,223,1,1,1
69,1,470,169,110,128,1,1,1
69,2,1047,272,60,69,1,1,1
69,3,1188,260,56,64,1,1,1
69,4,600,268,48,59,1,1,1
69,5,693,295,68,81,1,1,1
69,6,994,290,61,61,1,1,1
70,0,821,456,149,222,1,1,1
70,1,472,168,109,126,1,1,1
70,2,1047,271,59,68,1,1,1
70,3,1187,259,58,64,1,1,1
70,5,696,294,63,77,1,1,1
70,4,600,267,48,56,1,1,1
70,6,993,290,61,60,1,1,1
71,0,821,455,147,222,1,1,1
71,1,474,166,109,128,1,1,1
71,2,1046,270,59,69,1,1,1
71,3,1187,259,57,63,1,1,1
71,5,695,293,64,78,1,1,1
71,4,599,266,49,57,1,1,1
71,6,992,289,60,60,1,1,1
72,0,820,453,146,223,1,1,1
72,1,476,165,108,128,1,1,1
72,2,1046,269,58,69,1,1,1
72,3,1187,258,56,64,1,1,1
72,5,694,293,63,76,1,1,1
72,4,598,266,49,58,1,1,1
72,6,992,288,60,61,1,1,1
73,0,818,453,146,221,1,1,1
73,1,477,164,109,128,1,1,1
73,3,1186,258,57,64,1,1,1
73,5,694,292,62,74,1,1,1
73,2,1045,269,58,67,1,1,1
73,6,991,287,60,60,1,1,1
73,4,597,265,48,56,1,1,1
74,0,816,453,147,221,1,1,1
74,1,480,162,108,130,1,1,1
74,3,1185,258,57,64,1,1,1
74,5,692,292,64,74,1,1,1
74,2,1043,268,59,68,1,1,1
74,6,990,287,61,60,1,1,1
74,4,596,265,49,56,1,1,1
75,0,815,452,148,222,1,1,1
75,1,482,162,108,129,1,1,1
75,3,1184,257,57,65,1,1,1
75,5,691,291,65,76,1,1,1
75,2,1042,268,60,69,1,1,1
75,6,989,286,62,62,1,1,1
75,4,595,265,50,57,1,1,1
76,0,814,452,148,222,1,1,1
76,1,483,160,109,130,1,1,1
76,5,691,291,64,74,1,1,1
76,3,1183,257,58,65,1,1,1
76,2,1042,267,59,70,1,1,1
76,6,989,286,62,62,1,1,1
76,4,593,265,50,58,1,1,1
77,0,813,452,149,222,1,1,1
77,1,487,161,108,129,1,1,1
77,5,691,290,64,74,1,1,1
77,3,1183,257,57,65,1,1,1
77,2,1041,267,60,70,1,1,1
77,6,989,286,62,61,1,1,1
77,4,592,265,52,64,1,1,1
78,0,813,452,148,222,1,1,1
78,1,491,160,109,131,1,1,1
78,5,690,290,65,74,1,1,1
78,3,1182,258,58,65,1,1,1
78,2,1041,267,59,69,1,1,1
78,6,988,286,63,60,1,1,1
78,4,592,265,52,68,1,1,1
79,0,811,453,151,222,1,1,1
79,1,494,160,111,131,1,1,1
79,5,689,289,65,75,1,1,1
79,2,1040,266,60,70,1,1,1
79,3,1181,258,58,65,1,1,1
79,6,988,286,62,60,1,1,1
79,4,591,265,55,73,1,1,1
80,0,811,452,150,221,1,1,1
80,1,498,160,112,132,1,1,1
80,2,1040,266,59,69,1,1,1
80,5,689,289,65,75,1,1,1
80,3,1181,258,57,65,1,1,1
80,6,988,285,62,60,1,1,1
80,4,590,265,55,68,1,1,1
81,0,810,452,151,221,1,1,1
81,1,502,160,112,131,1,1,1
81,2,1040,266,59,69,1,1,1
81,3,1180,258,58,66,1,1,1
81,5,689,289,65,74,1,1,1
81,6,988,285,62,60,1,1,1
81,4,589,265,53,59,1,1,1
82,0,810,452,150,222,1,1,1
82,1,507,159,113,130,1,1,1
82,2,1040,266,59,69,1,1,1
82,3,1179,258,58,66,1,1,1
82,5,689,288,65,75,1,1,1
82,6,988,285,62,59,1,1,1
82,4,590,264,51,56,1,1,1
83,0,811,451,149,222,1,1,1
83,1,512,157,113,133,1,1,1
83,5,689,288,64,74,1,1,1
83,2,1040,265,59,69,1,1,1
83,3,1179,257,58,66,1,1,1
83,6,988,285,62,58,1,1,1
84,0,811,451,149,222,1,1,1
84,1,517,156,113,132,1,1,1
84,2,1040,265,59,69,1,1,1
84,5,690,288,63,73,1,1,1
84,3,1179,258,57,64,1,1,1
84,6,988,285,61,57,1,1,1
85,0,812,451,148,220,1,1,1
85,1,525,156,112,133,1,1,1
85,2,1039,265,60,69,1,1,1
85,5,691,287,61,73,1,1,1
85,3,1178,257,57,65,1,1,1
85,6,988,284,61,57,1,1,1
86,0,811,451,150,220,1,1,1
86,1,531,156,115,133,1,1,1
86,2,1039,264,60,70,1,1,1
86,3,1178,257,57,65,1,1,1
86,5,691,287,61,72,1,1,1
86,6,988,284,61,56,1,1,1
87,0,811,450,150,220,1,1,1
87,1,536,156,116,134,1,1,1
87,2,1038,264,61,70,1,1,1
87,3,1177,256,58,65,1,1,1
87,5,691,286,61,73,1,1,1
87,6,988,283,61,57,1,1,1
88,0,811,449,150,221,1,1,1
88,1,544,155,116,136,1,1,1
88,2,1039,264,59,69,1,1,1
88,3,1177,256,58,66,1,1,1
88,5,691,286,61,72,1,1,1
88,6,988,283,61,57,1,1,1
89,0,810,449,151,221,1,1,1
89,1,554,155,115,136,1,1,1
89,2,1038,264,59,69,1,1,1
89,3,1177,256,57,66,1,1,1
89,5,691,285,61,70,1,1,1
89,6,988,283,62,58,1,1,1
90,0,810,449,151,221,1,1,1
90,1,562,156,115,135,1,1,1
90,2,1038,264,59,69,1,1,1
90,3,1176,256,58,66,1,1,1
90,5,691,285,61,72,1,1,1
90,6,988,283,62,58,1,1,1
91,0,809,449,152,222,1,1,1
91,1,570,156,113,132,1,1,1
91,3,1175,256,59,66,1,1,1
91,2,1038,264,59,69,1,1,1
91,5,689,284,64,79,1,1,1
91,6,987,282,63,60,1,1,1
92,0,809,448,152,219,1,1,1
92,1,579,154,112,132,1,1,1
92,3,1174,256,59,66,1,1,1
92,2,1038,263,59,69,1,1,1
92,6,987,282,63,60,1,1,1
92,5,689,284,65,79,1,1,1
93,0,809,449,151,222,1,1,1
93,1,586,154,114,134,1,1,1
93,3,1174,255,58,67,1,1,1
93,2,1037,263,60,68,1,1,1
93,6,987,282,63,60,1,1,1
93,5,695,285,57,63,1,1,1
94,0,808,449,152,222,1,1,1
94,1,594,152,113,135,1,1,1
94,3,1174,255,58,66,1,1,1
94,2,1037,263,59,68,1,1,1
94,6,987,282,63,60,1,1,1
94,5,699,284,55,62,1,1,1
95,1,601,152,113,133,1,1,1
95,0,808,448,151,223,1,1,1
95,3,1173,255,58,66,1,1,1
95,2,1036,262,60,69,1,1,1
95,6,986,281,64,61,1,1,1
96,0,808,448,151,223,1,1,1
96,1,608,151,113,134,1,1,1
96,3,1173,255,58,66,1,1,1
96,2,1036,262,61,68,1,1,1
96,6,986,281,63,61,1,1,1
97,0,808,448,152,223,1,1,1
97,1,613,150,112,132,1,1,1
97,3,1173,254,58,67,1,1,1
97,2,1036,262,61,68,1,1,1
97,6,986,280,63,62,1,1,1
98,0,808,448,152,222,1,1,1
98,1,617,148,115,136,1,1,1
98,3,1173,254,57,67,1,1,1
98,2,1036,261,60,69,1,1,1
98,6,986,280,63,62,1,1,1
99,0,808,448,152,222,1,1,1
99,1,621,147,118,139,1,1,1
99,3,1172,254,58,67,1,1,1
99,2,1035,261,61,69,1,1,1
99,6,986,280,63,62,1,1,1
100,0,808,448,153,222,1,1,1
100,1,624,147,118,139,1,1,1
100,3,1172,254,58,67,1,1,1
100,2,1035,261,61,68,1,1,1
100,6,986,279,63,62,1,1,1
101,0,807,447,155,220,1,1,1
101,1,625,146,118,140,1,1,1
101,3,1172,253,57,67,1,1,1
101,2,1035,260,61,69,1,1,1
101,6,986,279,63,62,1,1,1
102,0,808,447,154,220,1,1,1
102,1,627,146,118,139,1,1,1
102,3,1172,253,57,67,1,1,1
102,2,1035,260,60,68,1,1,1
102,6,986,279,62,62,1,1,1
103,0,808,446,154,221,1,1,1
103,1,628,146,118,139,1,1,1
103,3,1171,253,58,67,1,1,1
103,2,1035,260,60,68,1,1,1
103,6,986,279,62,62,1,1,1
104,0,808,446,155,221,1,1,1
104,1,629,146,118,139,1,1,1
104,3,1171,252,58,68,1,1,1
104,2,1035,260,60,68,1,1,1
104,6,986,279,62,61,1,1,1
105,0,808,446,154,224,1,1,1
105,1,629,145,119,139,1,1,1
105,3,1171,252,58,67,1,1,1
105,2,1035,260,60,68,1,1,1
105,6,985,278,63,62,1,1,1
106,0,808,447,154,223,1,1,1
106,1,629,146,118,138,1,1,1
106,3,1171,252,58,67,1,1,1
106,2,1035,260,60,68,1,1,1
106,6,985,278,63,62,1,1,1
107,0,808,446,154,224,1,1,1
107,1,628,146,119,139,1,1,1
107,3,1170,252,58,67,1,1,1
107,2,1035,260,59,67,1,1,1
107,6,985,278,62,62,1,1,1
108,0,808,446,154,224,1,1,1
108,1,628,146,118,139,1,1,1
108,3,1170,252,58,67,1,1,1
108,2,1035,259,59,68,1,1,1
108,6,984,278,63,62,1,1,1
109,0,808,446,154,224,1,1,1
109,1,627,146,118,139,1,1,1
109,3,1170,252,58,67,1,1,1
109,2,1034,259,60,68,1,1,1
109,6,984,278,63,62,1,1,1
110,0,808,446,154,223,1,1,1
110,1,625,145,119,140,1,1,1
110,3,1170,252,58,67,1,1,1
110,2,1034,259,60,68,1,1,1
110,6,984,278,63,62,1,1,1
111,0,808,446,153,223,1,1,1
111,1,624,145,119,141,1,1,1
111,3,1169,252,59,67,1,1,1
111,2,1034,259,60,68,1,1,1
111,6,984,278,62,61,1,1,1
112,0,808,446,153,223,1,1,1
112,1,623,145,119,141,1,1,1
112,3,1169,252,59,67,1,1,1
112,2,1034,259,60,69,1,1,1
112,6,984,279,62,60,1,1,1
113,0,808,446,152,223,1,1,1
113,1,621,146,118,139,1,1,1
113,3,1169,252,58,67,1,1,1
113,2,1034,258,60,69,1,1,1
113,6,984,279,61,60,1,1,1
114,0,807,445,153,222,1,1,1
114,1,619,146,118,139,1,1,1
114,3,1169,252,58,66,1,1,1
114,2,1034,259,60,69,1,1,1
114,6,984,279,61,60,1,1,1
115,0,807,445,153,222,1,1,1
115,1,617,146,117,138,1,1,1
115,3,1168,252,59,66,1,1,1
115,2,1034,259,60,69,1,1,1
115,6,984,279,61,60,1,1,1
116,0,807,445,153,222,1,1,1
116,1,616,146,117,138,1,1,1
116,3,1168,251,58,67,1,1,1
116,2,1033,259,60,69,1,1,1
116,6,984,279,61,60,1,1,1
117,0,807,445,153,222,1,1,1
117,1,614,146,117,137,1,1,1
117,3,1168,251,58,67,1,1,1
117,2,1034,258,59,70,1,1,1
117,6,984,279,60,60,1,1,1
118,0,807,445,152,222,1,1,1
118,1,613,146,115,136,1,1,1
118,3,1168,251,58,67,1,1,1
118,2,1034,258,59,69,1,1,1
118,6,984,279,60,60,1,1,1
119,0,806,445,153,222,1,1,1
119,1,612,146,115,136,1,1,1
119,3,1168,251,58,67,1,1,1
119,2,1034,258,59,69,1,1,1
119,6,983,279,61,61,1,1,1
120,0,806,445,153,222,1,1,1
120,1,610,146,115,135,1,1,1
120,3,1168,252,58,66,1,1,1
120,2,1034,258,59,69,1,1,1
120,6,983,279,61,60,1,1,1
121,0,806,445,153,222,1,1,1
121,1,610,146,114,134,1,1,1
121,3,1168,252,58,66,1,1,1
121,2,1034,258,59,69,1,1,1
121,6,983,279,61,60,1,1,1
122,0,807,446,152,220,1,1,1
122,1,609,146,114,135,1,1,1
122,3,1169,252,57,66,1,1,1
122,2,1034,259,59,68,1,1,1
122,6,983,279,61,61,1,1,1
123,0,807,446,152,220,1,1,1
123,1,607,146,116,136,1,1,1
123,3,1169,252,57,66,1,1,1
123,2,1034,259,59,68,1,1,1
123,6,983,279,61,61,1,1,1
124,0,807,446,152,220,1,1,1
124,1,606,147,116,134,1,1,1
124,3,1169,252,57,66,1,1,1
124,2,1034,259,59,68,1,1,1
124,6,983,280,61,60,1,1,1
125,0,807,446,152,220,1,1,1
125,1,604,147,117,135,1,1,1
125,3,1169,252,57,66,1,1,1
125,2,1034,259,58,68,1,1,1
125,6,983,280,61,60,1,1,1
126,0,807,446,152,221,1,1,1
126,1,603,148,118,135,1,1,1
126,3,1168,252,57,66,1,1,1
126,2,1033,259,59,68,1,1,1
126,6,983,280,61,59,1,1,1
127,0,807,446,153,220,1,1,1
127,1,603,148,117,135,1,1,1
127,3,1168,252,57,66,1,1,1
127,2,1034,259,58,68,1,1,1
127,6,983,280,61,60,1,1,1
128,0,807,447,153,219,1,1,1
128,1,602,148,117,135,1,1,1
128,3,1168,252,58,66,1,1,1
128,2,1033,259,59,68,1,1,1
128,6,983,280,61,60,1,1,1
129,0,807,447,153,220,1,1,1
129,1,603,149,116,134,1,1,1
129,3,1168,252,58,66,1,1,1
129,2,1034,259,59,68,1,1,1
129,6,983,280,62,60,1,1,1
130,1,603,149,116,135,1,1,1
130,0,808,448,152,222,1,1,1
130,3,1168,252,58,66,1,1,1
130,2,1033,259,59,68,1,1,1
130,6,983,281,62,59,1,1,1
131,1,603,149,117,136,1,1,1
131,0,808,448,152,222,1,1,1
131,3,1168,252,58,66,1,1,1
131,2,1033,260,59,67,1,1,1
131,6,983,281,62,59,1,1,1
132,1,603,150,118,135,1,1,1
132,0,808,448,151,223,1,1,1
132,3,1168,253,58,66,1,1,1
132,2,1033,260,59,67,1,1,1
132,6,983,281,62,59,1,1,1
133,1,604,150,117,136,1,1,1
133,0,808,449,151,222,1,1,1
133,3,1168,253,58,65,1,1,1
133,2,1033,260,60,68,1,1,1
133,6,983,281,62,59,1,1,1
134,0,808,450,151,222,1,1,1
134,1,605,152,117,136,1,1,1
134,3,1168,253,58,66,1,1,1
134,2,1032,261,61,70,1,1,1
134,6,983,282,62,58,1,1,1
135,0,809,450,150,222,1,1,1
135,1,606,152,118,137,1,1,1
135,3,1168,253,58,66,1,1,1
135,2,1032,261,61,70,1,1,1
135,6,983,282,63,58,1,1,1
136,0,809,450,150,223,1,1,1
136,1,608,152,117,137,1,1,1
136,3,1168,253,57,66,1,1,1
136,2,1033,261,60,71,1,1,1
136,6,983,282,62,59,1,1,1
137,0,809,451,151,223,1,1,1
137,1,611,153,116,136,1,1,1
137,3,1168,253,58,66,1,1,1
137,2,1032,261,61,72,1,1,1
137,6,983,282,63,58,1,1,1
138,0,809,452,152,223,1,1,1
138,1,614,155,118,137,1,1,1
138,3,1168,254,58,66,1,1,1
138,2,1032,262,61,72,1,1,1
138,6,983,283,63,58,1,1,1
139,0,809,453,153,223,1,1,1
139,1,617,156,119,136,1,1,1
139,3,1168,254,58,66,1,1,1
139,2,1032,262,62,72,1,1,1
139,6,984,283,63,60,1,1,1
140,0,809,453,154,223,1,1,1
140,1,623,155,118,138,1,1,1
140,3,1168,254,58,66,1,1,1
140,2,1032,262,62,73,1,1,1
140,6,984,283,64,62,1,1,1
141,0,811,452,152,224,1,1,1
141,1,626,155,119,137,1,1,1
141,3,1169,254,57,66,1,1,1
141,2,1033,262,62,71,1,1,1
141,6,984,283,65,62,1,1,1
142,0,812,453,153,225,1,1,1
142,1,630,156,120,138,1,1,1
142,3,1169,255,57,66,1,1,1
142,2,1034,263,61,70,1,1,1
142,6,985,284,64,61,1,1,1
143,0,813,455,152,225,1,1,1
143,1,637,157,118,141,1,1,1
143,3,1169,256,56,65,1,1,1
143,2,1034,263,61,71,1,1,1
143,6,985,285,64,62,1,1,1
144,0,814,457,151,225,1,1,1
144,1,642,159,119,137,1,1,1
144,3,1168,257,57,65,1,1,1
144,2,1033,263,62,73,1,1,1
144,6,985,285,64,63,1,1,1
145,0,814,458,151,224,1,1,1
145,1,649,159,120,141,1,1,1
145,3,1168,257,56,65,1,1,1
145,2,1033,263,61,73,1,1,1
145,6,985,286,63,62,1,1,1
145,8,581,267,50,58,1,1,1
146,0,813,458,152,225,1,1,1
146,1,656,160,120,138,1,1,1
146,3,1168,258,56,64,1,1,1
146,2,1033,264,61,74,1,1,1
146,6,985,286,63,63,1,1,1
146,8,580,268,52,59,1,1,1
147,0,813,458,153,225,1,1,1
147,1,665,160,116,136,1,1,1
147,3,1168,258,56,64,1,1,1
147,2,1034,264,61,73,1,1,1
147,6,986,287,62,62,1,1,1
147,8,580,268,52,61,1,1,1
148,0,816,457,153,228,1,1,1
148,1,672,159,119,137,1,1,1
148,3,1169,258,55,64,1,1,1
148,2,1034,264,61,72,1,1,1
148,6,986,286,62,63,1,1,1
148,8,580,268,52,61,1,1,1
149,0,817,458,153,226,1,1,1
149,1,680,158,121,141,1,1,1
149,3,1169,258,55,64,1,1,1
149,2,1035,264,61,73,1,1,1
149,6,986,286,63,63,1,1,1
149,8,580,269,53,63,1,1,1
150,0,817,459,153,226,1,1,1
150,1,688,160,120,139,1,1,1
150,3,1169,258,56,66,1,1,1
150,2,1035,264,61,73,1,1,1
150,6,986,287,63,63,1,1,1
150,8,581,270,53,61,1,1,1
151,0,817,460,153,224,1,1,1
151,1,694,160,120,137,1,1,1
151,3,1169,258,56,67,1,1,1
151,2,1035,265,61,73,1,1,1
151,6,986,287,63,63,1,1,1
151,8,583,280,48,53,1,1,1
152,0,820,460,150,224,1,1,1
152,1,701,161,120,139,1,1,1
152,3,1169,258,56,66,1,1,1
152,2,1035,265,61,73,1,1,1
152,6,986,287,63,63,1,1,1
152,8,581,277,52,57,1,1,1
153,0,822,460,148,224,1,1,1
153,1,708,161,120,138,1,1,1
153,3,1169,259,56,66,1,1,1
153,2,1035,265,61,73,1,1,1
153,6,987,287,62,63,1,1,1
153,8,581,275,50,57,1,1,1
154,0,822,462,148,223,1,1,1
154,1,715,161,121,140,1,1,1
154,3,1169,258,56,66,1,1,1
154,2,1036,265,60,72,1,1,1
154,6,987,287,62,62,1,1,1
154,8,583,275,50,57,1,1,1
155,0,824,461,147,222,1,1,1
155,1,721,162,120,136,1,1,1
155,2,1036,265,61,72,1,1,1
155,3,1169,258,56,67,1,1,1
155,6,987,287,62,62,1,1,1
155,8,581,273,55,60,1,1,1
156,0,823,461,149,222,1,1,1
156,1,725,162,120,136,1,1,1
156,3,1169,259,56,66,1,1,1
156,2,1036,265,61,73,1,1,1
156,6,987,288,62,61,1,1,1
156,8,582,272,51,59,1,1,1
157,0,822,461,149,223,1,1,1
157,1,731,163,118,135,1,1,1
157,3,1169,259,56,67,1,1,1
157,2,1036,266,61,72,1,1,1
157,6,987,288,62,62,1,1,1
157,8,582,272,51,60,1,1,1
158,0,822,462,148,223,1,1,1
158,1,734,162,119,136,1,1,1
158,3,1169,260,56,66,1,1,1
158,2,1036,266,60,72,1,1,1
158,6,987,289,61,60,1,1,1
158,8,581,273,53,61,1,1,1
159,0,821,462,150,224,1,1,1
159,1,737,162,120,138,1,1,1
159,3,1169,260,56,66,1,1,1
159,2,1036,267,60,71,1,1,1
159,6,987,289,61,61,1,1,1
159,8,581,273,54,63,1,1,1
160,0,820,463,152,224,1,1,1
160,1,740,162,119,137,1,1,1
160,3,1169,260,56,66,1,1,1
160,2,1036,267,60,71,1,1,1
160,6,988,289,60,60,1,1,1
160,8,581,274,54,63,1,1,1
161,0,820,463,152,224,1,1,1
161,1,742,161,122,140,1,1,1
161,3,1169,260,56,66,1,1,1
161,2,1036,267,60,71,1,1,1
161,8,581,274,54,63,1,1,1
161,6,988,289,60,61,1,1,1
162,0,820,463,153,224,1,1,1
162,1,744,162,123,139,1,1,1
162,3,1169,260,56,66,1,1,1
162,2,1036,267,61,71,1,1,1
162,8,581,274,54,64,1,1,1
162,6,987,289,61,61,1,1,1
163,0,821,463,152,224,1,1,1
163,1,747,161,122,142,1,1,1
163,3,1169,261,56,65,1,1,1
163,2,1037,267,60,71,1,1,1
163,8,581,274,54,65,1,1,1
163,6,987,290,61,60,1,1,1
164,0,821,464,153,223,1,1,1
164,1,749,161,123,141,1,1,1
164,3,1169,261,56,66,1,1,1
164,2,1037,267,60,71,1,1,1
164,8,581,275,54,64,1,1,1
164,6,987,290,61,60,1,1,1
165,0,820,464,155,224,1,1,1
165,1,750,162,123,141,1,1,1
165,3,1170,261,56,66,1,1,1
165,2,1037,268,60,71,1,1,1
165,8,581,275,55,65,1,1,1
165,6,987,290,61,60,1,1,1
166,0,820,465,155,224,1,1,1
166,1,752,163,122,140,1,1,1
166,3,1170,261,56,66,1,1,1
166,2,1037,269,60,71,1,1,1
166,8,581,276,55,66,1,1,1
166,6,988,291,60,60,1,1,1
167,0,821,465,154,226,1,1,1
167,1,753,163,121,140,1,1,1
167,3,1170,262,56,66,1,1,1
167,2,1037,269,60,70,1,1,1
167,8,581,276,55,66,1,1,1
167,6,988,291,60,60,1,1,1
168,0,821,465,154,226,1,1,1
168,1,753,164,122,139,1,1,1
168,3,1170,262,56,66,1,1,1
168,2,1037,269,60,70,1,1,1
168,8,581,277,55,65,1,1,1
168,6,988,291,60,60,1,1,1
169,0,822,466,153,226,1,1,1
169,1,754,164,121,138,1,1,1
169,3,1170,262,56,67,1,1,1
169,2,1038,269,59,70,1,1,1
169,8,581,277,55,66,1,1,1
169,6,988,291,60,61,1,1,1
170,0,822,466,154,226,1,1,1
170,1,755,165,120,137,1,1,1
170,3,1170,262,56,67,1,1,1
170,2,1038,269,59,70,1,1,1
170,8,581,278,55,65,1,1,1
170,6,988,292,61,60,1,1,1
171,0,823,467,154,225,1,1,1
171,1,755,166,120,136,1,1,1
171,3,1170,263,56,66,1,1,1
171,2,1038,270,59,69,1,1,1
171,8,582,278,54,65,1,1,1
171,6,988,292,61,61,1,1,1
172,0,824,468,154,223,1,1,1
172,1,755,166,120,138,1,1,1
172,3,1170,263,56,67,1,1,1
172,2,1038,270,59,70,1,1,1
172,6,989,293,60,60,1,1,1
172,8,582,279,54,65,1,1,1
173,0,824,468,154,223,1,1,1
173,1,754,167,121,137,1,1,1
173,3,1171,263,56,67,1,1,1
173,2,1038,271,59,69,1,1,1
173,6,989,293,60,61,1,1,1
173,8,582,279,55,65,1,1,1
174,0,826,468,153,224,1,1,1
174,1,754,167,121,136,1,1,1
174,3,1170,263,56,67,1,1,1
174,2,1038,271,59,69,1,1,1
174,6,989,294,60,60,1,1,1
174,8,582,279,54,64,1,1,1
175,0,826,468,152,225,1,1,1
175,1,754,168,121,136,1,1,1
175,3,1170,264,56,66,1,1,1
175,2,1038,271,59,69,1,1,1
175,6,989,294,60,60,1,1,1
175,8,582,279,54,64,1,1,1
176,0,826,468,152,226,1,1,1
176,1,753,168,122,137,1,1,1
176,3,1170,264,56,66,1,1,1
176,2,1037,271,60,69,1,1,1
176,6,989,294,60,60,1,1,1
176,8,582,280,54,64,1,1,1
177,0,826,469,151,226,1,1,1
177,1,753,168,122,138,1,1,1
177,3,1170,264,56,66,1,1,1
177,2,1037,272,60,68,1,1,1
177,6,989,295,60,59,1,1,1
177,8,581,280,55,64,1,1,1
178,0,826,469,150,226,1,1,1
178,1,753,168,122,139,1,1,1
178,3,1170,264,55,66,1,1,1
178,2,1037,272,60,68,1,1,1
178,6,989,295,60,59,1,1,1
178,8,581,280,54,63,1,1,1
179,0,825,469,149,226,1,1,1
179,1,752,169,122,139,1,1,1
179,3,1169,264,56,66,1,1,1
179,2,1036,272,60,69,1,1,1
179,6,989,295,59,59,1,1,1
179,8,581,280,54,63,1,1,1
180,0,824,469,150,226,1,1,1
180,1,752,169,121,139,1,1,1
180,3,1169,264,55,67,1,1,1
180,2,1036,273,60,67,1,1,1
180,6,989,294,60,59,1,1,1
180,8,582,280,54,66,1,1,1
181,0,823,469,150,225,1,1,1
181,1,751,169,122,140,1,1,1
181,3,1169,264,55,67,1,1,1
181,2,1036,273,60,68,1,1,1
181,6,988,294,61,59,1,1,1
181,8,581,280,54,67,1,1,1
182,0,823,469,150,225,1,1,1
182,1,750,169,123,140,1,1,1
182,3,1169,265,54,66,1,1,1
182,2,1035,273,60,68,1,1,1
182,6,988,294,60,58,1,1,1
182,8,581,281,54,65,1,1,1
183,0,823,470,151,225,1,1,1
183,1,749,170,124,139,1,1,1
183,3,1168,265,55,66,1,1,1
183,2,1035,273,60,69,1,1,1
183,8,581,281,54,67,1,1,1
183,6,988,295,59,57,1,1,1
184,0,822,471,152,223,1,1,1
184,1,749,170,123,140,1,1,1
184,3,1168,265,54,66,1,1,1
184,2,1033,274,62,69,1,1,1
184,8,581,281,54,69,1,1,1
184,6,987,295,59,58,1,1,1
185,0,820,471,154,224,1,1,1
185,1,748,171,123,139,1,1,1
185,3,1167,265,55,66,1,1,1
185,2,1032,274,62,70,1,1,1
185,8,580,282,55,69,1,1,1
185,6,986,295,59,57,1,1,1
186,0,820,472,152,224,1,1,1
186,1,748,172,123,139,1,1,1
186,3,1166,265,55,66,1,1,1
186,2,1033,274,60,69,1,1,1
186,8,580,282,53,66,1,1,1
186,6,985,295,60,58,1,1,1
187,0,820,472,152,224,1,1,1
187,1,748,172,123,140,1,1,1
187,3,1166,265,55,66,1,1,1
187,2,1032,274,60,69,1,1,1
187,8,580,282,53,66,1,1,1
187,6,984,296,61,57,1,1,1
188,0,819,471,153,225,1,1,1
188,1,750,173,123,140,1,1,1
188,3,1166,265,55,66,1,1,1
188,2,1032,275,60,68,1,1,1
188,8,580,282,53,66,1,1,1
188,6,984,296,61,57,1,1,1
189,0,820,471,153,224,1,1,1
189,1,752,174,123,140,1,1,1
189,3,1166,265,55,66,1,1,1
189,2,1033,275,59,67,1,1,1
189,8,579,282,54,67,1,1,1
189,6,984,296,61,56,1,1,1
190,0,820,472,153,223,1,1,1
190,1,754,174,123,139,1,1,1
190,3,1166,265,55,66,1,1,1
190,2,1032,275,60,67,1,1,1
190,8,579,283,54,66,1,1,1
190,6,984,296,61,56,1,1,1
191,0,820,473,152,223,1,1,1
191,1,758,174,122,138,1,1,1
191,3,1166,265,55,66,1,1,1
191,2,1032,275,59,67,1,1,1
191,8,579,283,54,65,1,1,1
191,6,984,297,60,55,1,1,1
192,0,820,474,151,224,1,1,1
192,1,760,174,122,137,1,1,1
192,3,1165,266,55,66,1,1,1
192,2,1032,276,59,67,1,1,1
192,8,578,283,54,65,1,1,1
192,6,983,298,60,54,1,1,1
192,9,685,306,46,56,1,1,1
193,0,817,473,153,226,1,1,1
193,1,765,174,119,137,1,1,1
193,3,1164,266,56,66,1,1,1
193,2,1032,276,58,67,1,1,1
193,8,578,284,53,64,1,1,1
193,9,684,306,48,58,1,1,1
193,6,983,298,59,53,1,1,1
194,0,816,472,152,228,1,1,1
194,1,769,174,119,137,1,1,1
194,3,1163,266,56,66,1,1,1
194,2,1031,276,58,69,1,1,1
194,8,578,284,53,63,1,1,1
194,9,683,306,49,58,1,1,1
194,6,982,298,60,54,1,1,1
195,0,815,473,152,227,1,1,1
195,1,774,175,121,138,1,1,1
195,3,1163,266,55,66,1,1,1
195,2,1030,276,59,68,1,1,1
195,9,682,307,56,68,1,1,1
195,8,578,284,52,63,1,1,1
195,6,981,298,60,54,1,1,1
196,0,814,474,153,226,1,1,1
196,1,779,175,121,139,1,1,1
196,3,1162,267,55,66,1,1,1
196,2,1030,276,58,68,1,1,1
196,9,682,307,59,72,1,1,1
196,6,981,298,59,55,1,1,1
196,8,577,284,52,63,1,1,1
197,0,813,473,154,227,1,1,1
197,1,785,176,121,138,1,1,1
197,3,1161,267,56,67,1,1,1
197,2,1029,276,58,68,1,1,1
197,9,681,307,61,70,1,1,1
197,6,980,298,59,55,1,1,1
197,8,576,284,52,63,1,1,1
198,0,812,473,155,226,1,1,1
198,1,792,175,121,136,1,1,1
198,3,1161,268,55,66,1,1,1
198,2,1029,276,58,67,1,1,1
198,9,680,308,62,70,1,1,1
198,6,980,298,58,55,1,1,1
198,8,576,284,51,62,1,1,1
199,0,812,474,155,224,1,1,1
199,1,800,173,120,138,1,1,1
199,3,1160,268,56,66,1,1,1
199,2,1029,276,57,67,1,1,1
199,9,680,308,61,70,1,1,1
199,6,979,298,59,55,1,1,1
199,8,575,284,53,65,1,1,1
200,0,811,473,156,224,1,1,1
200,1,809,174,122,139,1,1,1
200,3,1160,268,55,67,1,1,1
200,2,1027,276,58,67,1,1,1
200,9,679,309,61,71,1,1,1
200,8,575,283,52,66,1,1,1
200,6,979,299,58,55,1,1,1
201,1,816,174,122,139,1,1,1
201,0,810,473,156,224,1,1,1
201,3,1160,268,55,67,1,1,1
201,2,1026,275,59,69,1,1,1
201,9,678,309,62,73,1,1,1
201,8,574,283,52,66,1,1,1
201,6,979,299,58,55,1,1,1
202,0,810,474,152,224,1,1,1
202,1,824,174,120,136,1,1,1
202,3,1160,269,55,66,1,1,1
202,9,677,309,63,74,1,1,1
202,2,1026,275,58,70,1,1,1
202,8,573,283,53,66,1,1,1
202,6,978,299,57,55,1,1,1
203,0,809,474,153,225,1,1,1
203,1,832,173,119,136,1,1,1
203,3,1160,269,56,68,1,1,1
203,9,676,309,64,74,1,1,1
203,2,1025,275,59,70,1,1,1
203,8,572,283,54,68,1,1,1
203,6,978,299,57,55,1,1,1
204,0,807,473,157,226,1,1,1
204,1,837,172,122,137,1,1,1
204,3,1161,270,56,66,1,1,1
204,9,676,309,64,74,1,1,1
204,2,1024,275,59,71,1,1,1
204,8,572,283,54,66,1,1,1
204,6,978,298,57,57,1,1,1
205,0,804,472,159,224,1,1,1
205,1,842,171,122,138,1,1,1
205,9,675,309,64,73,1,1,1
205,3,1162,272,55,65,1,1,1
205,2,1024,275,59,70,1,1,1
205,8,571,283,54,65,1,1,1
205,6,980,298,59,53,1,1,1
206,1,847,171,122,138,1,1,1
206,0,802,471,160,225,1,1,1
206,9,675,309,63,72,1,1,1
206,3,1161,272,57,66,1,1,1
206,2,1023,276,59,68,1,1,1
206,8,570,283,55,64,1,1,1
206,6,975,303,61,37,1,1,1
207,0,802,471,161,224,1,1,1
207,1,850,170,122,138,1,1,1
207,9,674,308,63,73,1,1,1
207,3,1161,273,57,65,1,1,1
207,2,1022,276,58,67,1,1,1
207,8,570,282,53,64,1,1,1
207,6,975,307,59,34,1,1,1
208,0,800,471,159,223,1,1,1
208,1,854,170,123,138,1,1,1
208,9,673,308,64,72,1,1,1
208,3,1161,273,56,64,1,1,1
208,2,1022,276,58,66,1,1,1
208,8,569,282,53,64,1,1,1
208,6,978,305,55,37,1,1,1
209,0,798,471,159,224,1,1,1
209,1,858,169,121,139,1,1,1
209,3,1160,273,57,64,1,1,1
209,9,673,308,63,72,1,1,1
209,2,1021,276,57,67,1,1,1
209,8,568,283,54,63,1,1,1
209,6,978,303,55,39,1,1,1
210,0,797,471,159,224,1,1,1
210,1,860,168,120,139,1,1,1
210,9,672,308,63,73,1,1,1
210,2,1021,276,56,67,1,1,1
210,3,1159,273,56,65,1,1,1
210,8,567,283,54,65,1,1,1
210,6,975,298,56,62,1,1,1
211,0,797,470,158,226,1,1,1
211,1,862,168,120,138,1,1,1
211,9,671,308,63,72,1,1,1
211,3,1158,272,56,65,1,1,1
211,2,1020,276,56,67,1,1,1
211,8,566,283,55,67,1,1,1
211,6,980,298,50,43,1,1,1
212,0,797,470,156,226,1,1,1
212,1,864,168,118,138,1,1,1
212,9,669,307,64,73,1,1,1
212,2,1018,277,56,67,1,1,1
212,3,1158,271,55,66,1,1,1
212,8,565,283,55,66,1,1,1
212,6,980,303,44,37,1,1,1
213,0,797,469,155,226,1,1,1
213,1,864,168,119,137,1,1,1
213,3,1157,271,55,65,1,1,1
213,9,667,308,65,73,1,1,1
213,2,1017,277,57,67,1,1,1
213,8,564,283,56,66,1,1,1
213,6,980,303,44,41,1,1,1
214,0,796,470,155,224,1,1,1
214,1,865,167,118,138,1,1,1
214,9,667,308,64,74,1,1,1
214,3,1156,270,55,66,1,1,1
214,2,1016,276,57,68,1,1,1
214,8,563,283,56,66,1,1,1
214,6,978,296,48,43,1,1,1
215,0,796,469,153,225,1,1,1
215,1,865,168,118,137,1,1,1
215,9,667,308,63,74,1,1,1
215,2,1015,276,57,68,1,1,1
215,3,1156,270,54,66,1,1,1
215,8,562,283,56,67,1,1,1
215,6,982,300,37,41,1,1,1
216,0,795,469,150,225,1,1,1
216,1,864,167,118,138,1,1,1
216,9,666,308,63,74,1,1,1
216,2,1013,275,58,68,1,1,1
216,3,1155,269,55,66,1,1,1
216,8,561,282,55,66,1,1,1
216,6,978,298,48,37,1,1,1
217,0,793,468,151,226,1,1,1
217,1,863,167,119,139,1,1,1
217,2,1012,275,58,69,1,1,1
217,9,665,308,64,73,1,1,1
217,3,1154,269,56,66,1,1,1
217,8,560,282,56,68,1,1,1
217,6,982,303,39,41,1,1,1
218,0,791,468,151,225,1,1,1
218,1,861,166,120,140,1,1,1
218,3,1153,267,56,66,1,1,1
218,9,663,307,64,73,1,1,1
218,2,1011,275,57,68,1,1,1
218,8,558,281,56,67,1,1,1
218,6,967,294,53,58,1,1,1
219,0,790,468,150,224,1,1,1
219,1,860,166,119,140,1,1,1
219,3,1152,266,56,67,1,1,1
219,9,662,307,64,73,1,1,1
219,2,1009,274,57,68,1,1,1
219,8,557,281,56,66,1,1,1
220,0,788,467,150,223,1,1,1
220,1,859,165,120,141,1,1,1
220,3,1151,265,57,67,1,1,1
220,2,1007,274,57,69,1,1,1
220,9,660,306,66,74,1,1,1
220,8,556,281,56,69,1,1,1
221,0,788,465,149,223,1,1,1
221,1,858,167,121,139,1,1,1
221,3,1151,264,56,67,1,1,1
221,2,1004,274,59,69,1,1,1
221,9,658,306,66,75,1,1,1
221,8,555,280,56,70,1,1,1
222,0,786,466,148,223,1,1,1
222,1,856,166,122,138,1,1,1
222,3,1150,264,56,66,1,1,1
222,9,657,305,66,75,1,1,1
222,2,1003,274,59,68,1,1,1
222,8,554,280,56,69,1,1,1
223,0,783,465,149,225,1,1,1
223,1,855,165,121,137,1,1,1
223,3,1150,263,55,65,1,1,1
223,2,1001,274,60,68,1,1,1
223,9,656,304,65,74,1,1,1
223,8,552,279,56,68,1,1,1
224,0,781,464,150,224,1,1,1
224,1,854,165,121,136,1,1,1
224,2,1001,272,58,68,1,1,1
224,3,1149,261,55,66,1,1,1
224,8,550,278,54,63,1,1,1
224,9,653,303,66,76,1,1,1
225,0,781,464,148,222,1,1,1
225,1,853,165,121,135,1,1,1
225,2,1000,272,58,68,1,1,1
225,3,1147,260,57,67,1,1,1
225,8,548,278,54,63,1,1,1
225,9,652,302,65,77,1,1,1
226,1,855,164,119,135,1,1,1
226,0,779,463,148,221,1,1,1
226,2,999,271,57,69,1,1,1
226,3,1146,260,57,66,1,1,1
226,8,547,277,53,62,1,1,1
226,9,651,302,65,76,1,1,1
227,0,775,462,150,220,1,1,1
227,1,856,164,119,134,1,1,1
227,2,998,271,55,67,1,1,1
227,9,649,301,64,76,1,1,1
227,3,1145,259,57,67,1,1,1
227,8,545,277,54,65,1,1,1
228,0,773,462,150,220,1,1,1
228,1,857,163,120,135,1,1,1
228,9,647,301,65,74,1,1,1
228,2,995,271,56,68,1,1,1
228,3,1144,258,57,68,1,1,1
228,8,543,277,54,63,1,1,1
229,0,771,462,150,220,1,1,1
229,1,859,162,120,137,1,1,1
229,2,993,270,56,69,1,1,1
229,9,647,300,63,76,1,1,1
229,3,1143,258,57,68,1,1,1
229,8,542,276,55,65,1,1,1
230,0,770,462,149,219,1,1,1
230,1,863,162,119,139,1,1,1
230,2,992,270,57,69,1,1,1
230,3,1142,258,57,68,1,1,1
230,9,643,300,65,78,1,1,1
230,8,541,276,54,64,1,1,1
231,0,768,461,149,220,1,1,1
231,1,866,161,119,140,1,1,1
231,3,1141,258,57,68,1,1,1
231,2,989,269,58,70,1,1,1
231,9,643,300,64,76,1,1,1
231,8,540,275,54,63,1,1,1
232,0,766,460,149,222,1,1,1
232,1,870,161,122,138,1,1,1
232,2,989,269,57,68,1,1,1
232,3,1140,258,58,68,1,1,1
232,9,641,299,65,75,1,1,1
232,8,539,275,54,64,1,1,1
233,0,765,460,147,220,1,1,1
233,1,876,161,120,139,1,1,1
233,3,1139,258,58,68,1,1,1
233,2,988,269,58,66,1,1,1
233,9,641,300,64,73,1,1,1
233,8,537,275,55,65,1,1,1
234,0,764,461,147,219,1,1,1
234,1,881,164,121,135,1,1,1
234,3,1138,257,58,68,1,1,1
234,2,986,270,59,66,1,1,1
234,9,639,299,66,76,1,1,1
234,8,536,275,54,63,1,1,1
235,0,762,461,148,218,1,1,1
235,1,889,164,121,136,1,1,1
235,3,1138,257,58,68,1,1,1
235,2,985,270,60,65,1,1,1
235,8,534,275,55,63,1,1,1
235,9,639,299,65,74,1,1,1
236,0,760,462,148,218,1,1,1
236,1,897,161,122,140,1,1,1
236,3,1137,258,58,67,1,1,1
236,9,637,299,65,75,1,1,1
236,8,533,275,54,64,1,1,1
236,2,982,268,63,72,1,1,1
237,0,759,463,148,218,1,1,1
237,1,904,161,126,139,1,1,1
237,3,1137,258,58,66,1,1,1
237,8,531,275,55,65,1,1,1
237,9,636,299,65,76,1,1,1
238,0,758,461,149,221,1,1,1
238,1,912,161,124,138,1,1,1
238,3,1137,258,57,67,1,1,1
238,8,530,274,57,66,1,1,1
238,9,634,299,65,78,1,1,1
239,0,757,459,149,223,1,1,1
239,1,921,160,124,140,1,1,1
239,3,1136,258,57,67,1,1,1
239,9,631,298,68,79,1,1,1
239,8,528,274,57,65,1,1,1
240,0,757,459,148,223,1,1,1
240,1,927,157,125,141,1,1,1
240,3,1135,259,58,66,1,1,1
240,9,631,298,66,78,1,1,1
240,8,527,273,57,66,1,1,1
241,0,754,459,148,223,1,1,1
241,1,933,156,126,141,1,1,1
241,3,1134,259,57,66,1,1,1
241,9,630,298,66,78,1,1,1
241,8,527,273,55,65,1,1,1
242,0,752,460,149,221,1,1,1
242,1,938,156,126,141,1,1,1
242,3,1133,259,58,67,1,1,1
242,9,629,298,66,78,1,1,1
242,8,525,273,56,65,1,1,1
243,1,942,156,128,140,1,1,1
243,0,751,459,151,222,1,1,1
243,3,1132,259,58,68,1,1,1
243,9,627,298,67,78,1,1,1
243,8,525,273,55,67,1,1,1
244,0,750,460,151,221,1,1,1
244,1,945,156,129,139,1,1,1
244,3,1131,258,59,70,1,1,1
244,9,626,298,66,77,1,1,1
244,8,524,273,55,66,1,1,1
245,0,748,460,151,220,1,1,1
245,1,948,155,129,140,1,1,1
245,9,625,297,67,75,1,1,1
245,3,1131,260,57,68,1,1,1
245,8,523,273,55,66,1,1,1
246,0,748,460,151,221,1,1,1
246,1,950,156,128,140,1,1,1
246,9,624,296,66,74,1,1,1
246,3,1130,259,57,68,1,1,1
246,8,522,272,55,67,1,1,1
247,0,746,460,152,220,1,1,1
247,1,952,156,128,139,1,1,1
247,9,623,296,66,75,1,1,1
247,3,1130,260,57,67,1,1,1
247,8,521,272,55,65,1,1,1
248,0,746,460,151,219,1,1,1
248,1,953,156,128,138,1,1,1
248,9,621,296,67,75,1,1,1
248,8,520,272,54,64,1,1,1
248,3,1129,260,57,66,1,1,1
249,0,744,460,151,219,1,1,1
249,1,953,156,128,138,1,1,1
249,9,621,296,65,75,1,1,1
249,3,1128,260,58,69,1,1,1
249,8,518,272,55,64,1,1,1
250,0,743,459,152,219,1,1,1
250,1,953,156,127,139,1,1,1
250,9,619,296,66,75,1,1,1
250,3,1128,260,57,68,1,1,1
250,8,517,272,55,65,1,1,1
251,0,742,457,151,222,1,1,1
251,1,952,156,128,139,1,1,1
251,9,618,295,65,76,1,1,1
251,3,1127,261,57,67,1,1,1
251,8,515,272,55,65,1,1,1
252,0,740,457,152,222,1,1,1
252,1,950,155,128,140,1,1,1
252,9,617,295,65,75,1,1,1
252,3,1125,261,58,67,1,1,1
252,8,513,271,55,65,1,1,1
253,0,740,458,151,221,1,1,1
253,1,948,154,129,140,1,1,1
253,9,615,295,66,77,1,1,1
253,3,1124,261,57,65,1,1,1
253,8,512,271,56,65,1,1,1
254,0,739,458,150,219,1,1,1
254,1,944,154,130,141,1,1,1
254,3,1121,260,57,66,1,1,1
254,9,614,295,65,79,1,1,1
254,8,511,271,54,64,1,1,1
255,0,736,457,153,220,1,1,1
255,1,943,154,127,141,1,1,1
255,3,1120,261,55,65,1,1,1
255,9,613,294,65,79,1,1,1
255,8,510,271,54,66,1,1,1
256,0,733,456,154,220,1,1,1
256,1,939,153,129,141,1,1,1
256,9,610,294,67,78,1,1,1
256,3,1118,262,55,64,1,1,1
256,8,508,271,54,66,1,1,1
257,0,733,456,153,221,1,1,1
257,1,937,153,129,141,1,1,1
257,9,609,293,66,76,1,1,1
257,3,1116,261,56,65,1,1,1
257,8,507,271,54,66,1,1,1
258,0,732,456,150,221,1,1,1
258,1,934,153,128,140,1,1,1
258,9,607,293,67,77,1,1,1
258,3,1114,261,57,66,1,1,1
258,8,505,270,55,66,1,1,1
259,0,729,454,152,223,1,1,1
259,1,932,153,126,138,1,1,1
259,3,1112,261,57,67,1,1,1
259,9,605,293,68,79,1,1,1
259,8,503,270,55,63,1,1,1
260,0,726,453,154,225,1,1,1
260,1,928,153,125,137,1,1,1
260,3,1110,261,57,66,1,1,1
260,8,501,269,56,64,1,1,1
260,9,603,293,68,80,1,1,1
261,0,724,453,153,226,1,1,1
261,1,925,153,125,137,1,1,1
261,3,1109,261,56,66,1,1,1
261,9,602,293,67,79,1,1,1
261,8,499,269,57,65,1,1,1
262,0,723,453,152,226,1,1,1
262,1,923,153,124,136,1,1,1
262,3,1107,261,56,65,1,1,1
262,9,601,293,66,79,1,1,1
262,8,497,269,57,64,1,1,1
263,0,724,455,151,220,1,1,1
263,1,922,152,122,136,1,1,1
263,3,1105,261,56,64,1,1,1
263,9,601,293,65,78,1,1,1
263,8,496,268,56,65,1,1,1
264,0,722,454,149,222,1,1,1
264,1,919,152,123,137,1,1,1
264,3,1104,261,56,66,1,1,1
264,9,599,293,66,80,1,1,1
264,8,495,268,55,65,1,1,1
265,0,720,453,150,222,1,1,1
265,1,917,153,122,135,1,1,1
265,3,1102,261,56,67,1,1,1
265,9,597,293,67,79,1,1,1
265,8,494,267,55,66,1,1,1
266,0,719,453,150,221,1,1,1
266,1,915,153,123,135,1,1,1
266,9,595,292,68,81,1,1,1
266,3,1101,260,57,67,1,1,1
266,8,493,266,54,64,1,1,1
267,0,717,454,152,221,1,1,1
267,1,914,153,122,135,1,1,1
267,9,594,292,68,78,1,1,1
267,3,1100,260,57,67,1,1,1
267,8,493,266,53,64,1,1,1
268,0,715,452,153,223,1,1,1
268,1,911,150,125,140,1,1,1
268,9,592,291,67,77,1,1,1
268,3,1098,259,57,66,1,1,1
268,8,490,265,55,65,1,1,1
269,0,715,452,153,223,1,1,1
269,1,911,150,125,140,1,1,1
269,9,592,291,67,77,1,1,1
269,3,1098,259,57,66,1,1,1
269,8,490,265,55,65,1,1,1
270,0,714,452,153,223,1,1,1
270,1,911,149,125,141,1,1,1
270,9,591,290,67,77,1,1,1
270,3,1097,259,57,68,1,1,1
270,8,488,265,56,65,1,1,1
271,0,714,452,153,223,1,1,1
271,1,911,149,125,141,1,1,1
271,9,591,290,67,77,1,1,1
271,3,1097,259,57,68,1,1,1
271,8,488,265,56,65,1,1,1
272,0,713,451,152,222,1,1,1
272,1,911,148,125,141,1,1,1
272,3,1095,259,58,67,1,1,1
272,9,589,290,68,78,1,1,1
272,8,488,264,55,66,1,1,1
273,0,713,453,151,218,1,1,1
273,1,911,148,125,140,1,1,1
273,3,1095,259,56,65,1,1,1
273,9,586,289,70,79,1,1,1
273,8,487,264,54,64,1,1,1
274,0,712,453,150,216,1,1,1
274,1,911,148,125,139,1,1,1
274,9,586,289,68,77,1,1,1
274,3,1094,258,55,64,1,1,1
274,8,486,263,53,64,1,1,1
275,0,711,452,148,217,1,1,1
275,1,913,148,124,139,1,1,1
275,9,586,289,66,76,1,1,1
275,3,1093,258,55,64,1,1,1
275,8,484,263,55,66,1,1,1
276,0,710,452,148,216,1,1,1
276,1,914,148,125,137,1,1,1
276,9,584,288,67,77,1,1,1
276,3,1091,258,55,63,1,1,1
276,8,483,263,55,64,1,1,1
277,0,709,452,148,215,1,1,1
277,1,917,147,124,137,1,1,1
277,9,583,287,68,78,1,1,1
277,3,1090,259,54,63,1,1,1
277,8,482,263,55,64,1,1,1
278,0,708,451,149,215,1,1,1
278,1,921,148,121,134,1,1,1
278,9,582,287,68,78,1,1,1
278,3,1089,259,54,62,1,1,1
278,8,480,263,56,64,1,1,1
279,0,708,450,148,216,1,1,1
279,1,924,147,120,135,1,1,1
279,9,581,287,67,76,1,1,1
279,3,1087,259,55,62,1,1,1
279,8,479,263,55,62,1,1,1
280,0,707,449,146,217,1,1,1
280,1,928,147,120,135,1,1,1
280,9,580,287,68,77,1,1,1
280,3,1086,258,55,63,1,1,1
280,8,478,262,55,64,1,1,1
281,0,705,448,146,218,1,1,1
281,1,932,146,121,135,1,1,1
281,9,579,287,68,78,1,1,1
281,3,1085,258,56,62,1,1,1
281,8,477,262,57,68,1,1,1
282,0,704,448,147,218,1,1,1
282,1,937,147,123,135,1,1,1
282,9,578,287,68,78,1,1,1
282,3,1085,258,54,60,1,1,1
282,8,476,262,57,68,1,1,1
283,0,703,448,145,217,1,1,1
283,1,943,148,123,137,1,1,1
283,9,577,286,68,78,1,1,1
283,3,1085,258,53,59,1,1,1
283,8,475,262,57,68,1,1,1
284,0,702,447,148,219,1,1,1
284,1,948,148,123,135,1,1,1
284,9,576,286,67,76,1,1,1
284,3,1084,258,53,59,1,1,1
284,8,475,262,55,64,1,1,1
285,0,701,447,148,219,1,1,1
285,1,955,148,122,134,1,1,1
285,9,576,286,66,75,1,1,1
285,8,474,261,54,64,1,1,1
285,3,1084,259,52,58,1,1,1
285,10,861,284,52,57,1,1,1
286,0,700,447,148,220,1,1,1
286,1,960,148,123,134,1,1,1
286,9,575,286,66,76,1,1,1
286,10,857,283,56,58,1,1,1
286,8,473,261,54,63,1,1,1
286,3,1084,259,51,56,1,1,1
287,0,700,447,146,219,1,1,1
287,1,966,148,123,133,1,1,1
287,9,574,286,66,75,1,1,1
287,8,471,261,54,62,1,1,1
287,10,854,282,55,58,1,1,1
287,3,1084,259,49,56,1,1,1
288,0,699,447,146,219,1,1,1
288,1,969,149,124,134,1,1,1
288,9,573,286,66,76,1,1,1
288,8,470,261,54,62,1,1,1
288,10,848,282,56,56,1,1,1
288,3,1083,259,49,56,1,1,1
289,0,698,447,146,219,1,1,1
289,1,973,150,125,135,1,1,1
289,9,572,286,66,76,1,1,1
289,8,469,261,54,63,1,1,1
289,3,1083,259,48,56,1,1,1
289,10,842,281,57,57,1,1,1
290,0,697,447,146,218,1,1,1
290,1,978,150,124,133,1,1,1
290,9,571,286,67,76,1,1,1
290,8,469,260,55,62,1,1,1
290,10,836,280,59,60,1,1,1
290,3,1082,259,48,55,1,1,1
291,0,697,447,146,219,1,1,1
291,1,983,150,124,133,1,1,1
291,10,830,279,62,64,1,1,1
291,9,571,285,66,76,1,1,1
291,8,468,260,55,64,1,1,1
291,3,1081,260,49,54,1,1,1
291,11,910,259,51,53,1,1,1
292,0,694,446,147,222,1,1,1
292,1,986,150,127,134,1,1,1
292,8,467,260,56,64,1,1,1
292,9,570,285,66,77,1,1,1
292,3,1079,260,50,54,1,1,1
292,10,824,279,62,61,1,1,1
292,11,909,259,51,53,1,1,1
293,0,693,446,147,223,1,1,1
293,1,988,151,129,134,1,1,1
293,10,819,278,63,65,1,1,1
293,3,1078,261,50,53,1,1,1
293,8,466,259,56,65,1,1,1
293,9,569,285,67,76,1,1,1
293,11,909,259,50,53,1,1,1
294,0,693,447,146,221,1,1,1
294,1,989,152,130,136,1,1,1
294,3,1075,260,52,56,1,1,1
294,10,814,277,63,68,1,1,1
294,8,465,259,57,65,1,1,1
294,9,568,285,67,76,1,1,1
294,11,908,259,50,53,1,1,1
295,0,692,447,146,222,1,1,1
295,1,989,152,133,138,1,1,1
295,10,809,278,63,68,1,1,1
295,3,1074,260,53,56,1,1,1
295,9,568,285,66,76,1,1,1
295,8,464,259,57,64,1,1,1
295,11,907,259,50,52,1,1,1
296,0,691,447,147,222,1,1,1
296,1,989,154,135,139,1,1,1
296,10,806,277,62,68,1,1,1
296,3,1074,261,52,55,1,1,1
296,9,568,285,65,77,1,1,1
296,8,464,259,56,65,1,1,1
296,11,907,259,49,52,1,1,1
297,0,691,448,147,221,1,1,1
297,1,990,154,134,139,1,1,1
297,10,801,276,62,70,1,1,1
297,9,567,285,66,76,1,1,1
297,3,1074,261,51,55,1,1,1
297,8,463,260,56,64,1,1,1
297,11,906,259,49,52,1,1,1
298,0,689,447,149,221,1,1,1
298,1,989,155,137,139,1,1,1
298,10,797,277,60,67,1,1,1
298,9,567,285,65,75,1,1,1
298,3,1073,261,52,55,1,1,1
298,8,463,259,56,64,1,1,1
298,11,905,259,50,52,1,1,1
299,0,690,446,147,222,1,1,1
299,1,987,154,139,142,1,1,1
299,9,566,285,65,75,1,1,1
299,10,793,276,59,67,1,1,1
299,3,1073,261,52,57,1,1,1
299,11,904,258,50,54,1,1,1
299,8,463,259,56,64,1,1,1
300,0,689,447,148,220,1,1,1
300,1,985,155,141,141,1,1,1
300,9,566,285,65,75,1,1,1
300,10,790,275,56,67,1,1,1
300,11,904,259,49,52,1,1,1
300,3,1073,261,51,57,1,1,1
300,8,463,259,56,65,1,1,1
301,0,689,446,148,221,1,1,1
301,1,985,155,140,140,1,1,1
301,10,785,276,55,66,1,1,1
301,9,565,285,66,76,1,1,1
301,11,903,259,49,52,1,1,1
301,8,463,259,56,65,1,1,1
301,3,1071,260,52,56,1,1,1
301,12,1264,227,16,61,1,1,1
302,0,688,446,148,221,1,1,1
302,1,984,155,140,137,1,1,1
302,9,564,285,66,77,1,1,1
302,10,780,276,56,68,1,1,1
302,3,1071,260,51,58,1,1,1
302,8,464,259,55,66,1,1,1
302,11,902,259,49,53,1,1,1
302,12,1264,227,16,60,1,1,1
303,0,688,445,148,221,1,1,1
303,1,982,155,141,137,1,1,1
303,10,775,275,57,69,1,1,1
303,9,563,285,67,77,1,1,1
303,3,1070,260,52,59,1,1,1
303,8,465,259,56,65,1,1,1
303,11,902,259,48,52,1,1,1
303,12,1263,226,17,62,1,1,1
304,0,687,445,149,219,1,1,1
304,1,980,155,141,139,1,1,1
304,10,771,276,56,70,1,1,1
304,9,564,285,65,76,1,1,1
304,3,1068,259,53,61,1,1,1
304,8,467,260,54,65,1,1,1
304,11,902,259,50,51,1,1,1
304,12,1262,226,18,62,1,1,1
305,0,687,444,148,220,1,1,1
305,1,978,155,141,138,1,1,1
305,10,767,276,56,69,1,1,1
305,9,564,285,65,75,1,1,1
305,3,1067,259,54,60,1,1,1
305,8,467,260,55,66,1,1,1
305,11,902,258,49,52,1,1,1
305,12,1262,226,18,62,1,1,1
306,0,687,444,148,220,1,1,1
306,1,972,155,143,138,1,1,1
306,10,764,277,56,69,1,1,1
306,9,564,285,64,75,1,1,1
306,8,469,260,54,67,1,1,1
306,3,1067,259,53,60,1,1,1
306,11,902,258,48,51,1,1,1
306,12,1261,226,19,62,1,1,1
307,0,686,444,149,220,1,1,1
307,1,969,154,142,139,1,1,1
307,10,762,277,56,70,1,1,1
307,9,563,285,65,74,1,1,1
307,8,471,260,54,66,1,1,1
307,3,1067,259,53,61,1,1,1
307,11,901,258,49,51,1,1,1
307,12,1259,226,21,65,1,1,1
308,0,686,444,149,219,1,1,1
308,1,966,154,135,138,1,1,1
308,10,760,276,56,69,1,1,1
308,9,563,285,64,74,1,1,1
308,3,1068,257,52,62,1,1,1
308,8,474,260,53,67,1,1,1
308,11,900,258,52,52,1,1,1
309,0,686,443,149,220,1,1,1
309,1,963,154,136,139,1,1,1
309,10,758,276,56,68,1,1,1
309,9,563,284,64,74,1,1,1
309,8,475,260,54,65,1,1,1
309,3,1067,256,52,64,1,1,1
309,11,898,258,55,51,1,1,1
310,0,685,443,150,220,1,1,1
310,1,962,153,137,140,1,1,1
310,10,756,276,55,69,1,1,1
310,9,564,284,63,73,1,1,1
310,8,476,261,54,64,1,1,1
310,3,1067,258,53,62,1,1,1
311,0,685,443,150,220,1,1,1
311,1,959,153,137,141,1,1,1
311,10,754,276,55,69,1,1,1
311,9,563,284,64,72,1,1,1
311,8,478,261,53,68,1,1,1
311,3,1067,258,52,62,1,1,1
312,0,685,443,149,220,1,1,1
312,1,958,154,135,140,1,1,1
312,10,751,276,56,69,1,1,1
312,8,478,261,55,67,1,1,1
312,9,563,284,64,73,1,1,1
312,3,1066,258,53,63,1,1,1
313,0,685,443,149,219,1,1,1
313,1,956,155,135,140,1,1,1
313,8,479,261,55,70,1,1,1
313,10,749,277,57,70,1,1,1
313,3,1065,257,54,65,1,1,1
313,9,562,283,65,74,1,1,1
313,11,1254,221,26,71,1,1,1
314,0,685,443,149,219,1,1,1
314,1,956,155,133,140,1,1,1
314,8,480,260,55,71,1,1,1
314,10,747,278,57,70,1,1,1
314,3,1065,257,54,65,1,1,1
314,9,562,283,64,73,1,1,1
314,11,1254,221,26,70,1,1,1
315,0,684,443,150,220,1,1,1
315,1,955,155,133,140,1,1,1
315,8,480,260,56,72,1,1,1
315,10,745,279,57,71,1,1,1
315,3,1064,257,55,65,1,1,1
315,9,562,283,64,73,1,1,1
316,0,684,443,150,219,1,1,1
316,1,954,154,132,141,1,1,1
316,10,743,280,58,72,1,1,1
316,8,481,260,56,71,1,1,1
316,3,1064,256,55,66,1,1,1
316,9,562,283,64,73,1,1,1
316,11,1252,221,28,71,1,1,1
317,0,684,442,150,220,1,1,1
317,1,954,154,131,140,1,1,1
317,10,741,281,58,72,1,1,1
317,3,1063,256,55,65,1,1,1
317,8,482,259,55,71,1,1,1
317,9,563,283,63,72,1,1,1
317,11,1251,220,29,71,1,1,1
318,0,684,442,150,219,1,1,1
318,1,954,153,129,141,1,1,1
318,10,739,283,58,72,1,1,1
318,3,1063,256,54,64,1,1,1
318,8,483,259,55,71,1,1,1
318,9,563,282,63,73,1,1,1
318,11,1251,220,29,72,1,1,1
319,0,684,442,150,220,1,1,1
319,1,954,153,127,141,1,1,1
319,10,736,284,59,74,1,1,1
319,3,1063,255,54,66,1,1,1
319,9,563,282,63,73,1,1,1
319,8,483,259,55,71,1,1,1
319,12,1250,220,30,72,1,1,1
319,11,894,257,59,59,1,1,1
320,0,684,441,149,221,1,1,1
320,1,954,153,126,140,1,1,1
320,10,733,284,59,71,1,1,1
320,3,1062,255,55,65,1,1,1
320,9,563,282,63,73,1,1,1
320,8,483,259,55,70,1,1,1
320,11,894,257,58,58,1,1,1
320,12,1250,219,30,72,1,1,1
321,0,683,441,150,220,1,1,1
321,1,955,153,124,138,1,1,1
321,10,732,284,58,70,1,1,1
321,9,562,282,64,73,1,1,1
321,3,1062,255,54,65,1,1,1
321,8,483,260,56,70,1,1,1
321,11,894,257,57,56,1,1,1
321,12,1249,219,31,73,1,1,1
322,0,683,441,150,219,1,1,1
322,1,956,153,123,138,1,1,1
322,10,731,284,58,70,1,1,1
322,9,562,282,64,73,1,1,1
322,3,1062,255,54,65,1,1,1
322,8,484,260,55,70,1,1,1
322,11,894,256,58,57,1,1,1
322,12,1248,218,32,71,1,1,1
323,0,684,441,149,218,1,1,1
323,1,957,154,122,136,1,1,1
323,9,562,281,63,73,1,1,1
323,10,729,284,59,70,1,1,1
323,3,1062,254,53,65,1,1,1
323,8,484,260,55,69,1,1,1
323,11,894,256,57,56,1,1,1
324,0,684,440,149,216,1,1,1
324,1,959,154,121,136,1,1,1
324,9,562,281,63,73,1,1,1
324,10,729,283,59,70,1,1,1
324,3,1062,254,53,65,1,1,1
324,8,484,261,56,68,1,1,1
324,11,894,255,56,55,1,1,1
324,12,1250,215,30,70,1,1,1
325,0,683,440,149,217,1,1,1
325,1,959,154,124,135,1,1,1
325,9,562,280,64,74,1,1,1
325,10,728,283,60,70,1,1,1
325,3,1063,254,52,63,1,1,1
325,8,484,261,56,66,1,1,1
325,12,1246,214,34,69,1,1,1
325,11,894,255,56,53,1,1,1
326,0,684,439,148,217,1,1,1
326,1,961,154,124,136,1,1,1
326,9,562,280,64,74,1,1,1
326,10,728,282,60,72,1,1,1
326,8,485,261,55,66,1,1,1
326,3,1063,253,52,63,1,1,1
326,12,1245,214,35,68,1,1,1
326,11,895,254,53,53,1,1,1
327,0,684,438,147,216,1,1,1
327,1,963,153,125,137,1,1,1
327,9,562,279,64,75,1,1,1
327,10,728,282,61,72,1,1,1
327,8,485,261,55,65,1,1,1
327,3,1062,252,53,64,1,1,1
327,12,1246,213,34,67,1,1,1
327,11,895,253,52,52,1,1,1
328,0,684,437,146,215,1,1,1
328,1,965,153,126,135,1,1,1
328,9,562,279,64,74,1,1,1
328,10,728,281,60,71,1,1,1
328,8,485,261,55,64,1,1,1
328,3,1062,251,53,64,1,1,1
328,12,1245,212,35,67,1,1,1
328,11,894,253,52,51,1,1,1
329,0,683,436,147,216,1,1,1
329,1,968,151,126,138,1,1,1
329,9,562,278,64,72,1,1,1
329,10,728,281,60,73,1,1,1
329,8,485,261,55,65,1,1,1
329,3,1062,250,54,64,1,1,1
329,12,1244,211,36,68,1,1,1
329,11,894,252,52,52,1,1,1
330,0,683,436,146,215,1,1,1
330,1,973,151,122,133,1,1,1
330,9,564,278,63,70,1,1,1
330,10,728,282,60,73,1,1,1
330,8,485,261,54,64,1,1,1
330,3,1062,249,54,63,1,1,1
330,12,1245,209,35,69,1,1,1
330,11,894,251,52,52,1,1,1
331,0,682,435,144,215,1,1,1
331,1,976,150,123,132,1,1,1
331,9,564,278,63,70,1,1,1
331,10,727,282,60,73,1,1,1
331,8,484,261,55,64,1,1,1
331,3,1063,249,52,61,1,1,1
331,12,1244,208,36,70,1,1,1
331,11,894,249,51,53,1,1,1
332,0,682,433,143,216,1,1,1
332,1,980,148,120,130,1,1,1
332,10,726,282,61,73,1,1,1
332,9,565,277,63,70,1,1,1
332,8,484,261,54,60,1,1,1
332,3,1064,249,51,59,1,1,1
332,11,893,249,52,53,1,1,1
332,12,1243,207,37,72,1,1,1
333,0,681,432,144,215,1,1,1
333,1,985,148,118,128,1,1,1
333,10,724,283,61,74,1,1,1
333,9,565,275,64,72,1,1,1
333,8,482,260,55,63,1,1,1
333,3,1064,248,51,60,1,1,1
333,11,893,248,53,52,1,1,1
333,12,1243,205,37,74,1,1,1
334,0,680,430,145,217,1,1,1
334,1,988,146,119,130,1,1,1
334,10,722,283,61,73,1,1,1
334,8,482,259,54,62,1,1,1
334,9,565,275,65,72,1,1,1
334,11,894,247,51,52,1,1,1
334,12,1243,204,37,74,1,1,1
334,3,1065,246,50,59,1,1,1
335,0,679,428,146,218,1,1,1
335,1,991,145,120,132,1,1,1
335,8,480,259,55,64,1,1,1
335,10,720,282,61,72,1,1,1
335,11,894,246,52,53,1,1,1
335,9,566,273,66,74,1,1,1
335,12,1243,202,37,74,1,1,1
335,3,1066,245,49,59,1,1,1
336,0,679,427,148,218,1,1,1
336,1,995,143,119,133,1,1,1
336,8,479,257,56,66,1,1,1
336,10,718,280,60,67,1,1,1
336,11,893,245,52,55,1,1,1
336,9,566,272,67,75,1,1,1
336,12,1242,200,38,75,1,1,1
336,3,1069,244,46,53,1,1,1
337,0,678,428,148,216,1,1,1
337,1,1000,140,119,135,1,1,1
337,8,479,256,55,66,1,1,1
337,10,716,280,59,63,1,1,1
337,11,893,243,52,56,1,1,1
337,9,565,271,70,79,1,1,1
337,12,1242,198,38,71,1,1,1
338,0,679,426,147,215,1,1,1
338,1,1002,139,121,137,1,1,1
338,8,478,255,56,66,1,1,1
338,10,715,278,59,64,1,1,1
338,11,893,242,52,58,1,1,1
338,9,566,269,69,79,1,1,1
338,12,1242,197,38,66,1,1,1
339,0,679,424,147,215,1,1,1
339,1,1006,137,121,136,1,1,1
339,8,477,254,56,66,1,1,1
339,10,713,276,60,64,1,1,1
339,11,892,241,54,61,1,1,1
339,9,568,268,69,78,1,1,1
339,12,1241,194,39,70,1,1,1
340,0,679,424,146,214,1,1,1
340,1,1008,135,122,138,1,1,1
340,8,477,252,55,63,1,1,1
340,11,893,238,53,63,1,1,1
340,10,712,275,59,66,1,1,1
340,9,571,266,67,76,1,1,1
340,12,1240,192,40,71,1,1,1
341,0,679,422,147,214,1,1,1
341,1,1010,134,122,138,1,1,1
341,8,476,250,55,62,1,1,1
341,11,892,236,53,63,1,1,1
341,10,710,275,60,69,1,1,1
341,9,574,265,65,74,1,1,1
341,12,1240,190,40,73,1,1,1
342,0,680,421,147,212,1,1,1
342,1,1012,132,121,138,1,1,1
342,8,475,249,56,64,1,1,1
342,10,708,273,61,70,1,1,1
342,11,892,235,53,66,1,1,1
342,12,1241,188,39,74,1,1,1
342,9,574,263,67,74,1,1,1
343,0,679,420,147,215,1,1,1
343,1,1014,131,120,137,1,1,1
343,10,707,272,60,69,1,1,1
343,11,892,232,53,67,1,1,1
343,8,475,247,55,65,1,1,1
343,9,576,260,65,73,1,1,1
343,12,1241,185,39,75,1,1,1
344,0,680,416,146,216,1,1,1
344,1,1014,128,120,137,1,1,1
344,10,707,270,60,71,1,1,1
344,8,475,245,55,59,1,1,1
344,11,892,231,53,65,1,1,1
344,9,576,258,66,74,1,1,1
344,12,1241,182,39,73,1,1,1
345,0,679,416,147,213,1,1,1
345,1,1013,126,120,134,1,1,1
345,10,706,269,60,69,1,1,1
345,8,474,243,55,61,1,1,1
345,9,575,256,68,76,1,1,1
345,11,892,228,53,64,1,1,1
345,12,1241,181,39,68,1,1,1
346,0,678,414,148,213,1,1,1
346,1,1012,123,119,133,1,1,1
346,8,473,241,55,62,1,1,1
346,10,706,268,60,71,1,1,1
346,11,891,226,55,63,1,1,1
346,9,576,254,67,76,1,1,1
346,12,1242,180,38,65,1,1,1
347,0,680,412,145,212,1,1,1
347,1,1009,120,120,132,1,1,1
347,8,472,239,56,66,1,1,1
347,10,706,266,60,73,1,1,1
347,11,891,224,53,62,1,1,1
347,9,575,252,68,75,1,1,1
347,12,1241,178,39,66,1,1,1
348,0,680,409,145,214,1,1,1
348,1,1007,118,119,132,1,1,1
348,8,471,236,56,66,1,1,1
348,11,891,221,53,59,1,1,1
348,10,706,264,60,75,1,1,1
348,9,573,249,70,77,1,1,1
348,12,1239,175,41,74,1,1,1
349,0,679,405,147,215,1,1,1
349,1,1005,115,119,133,1,1,1
349,8,470,234,57,67,1,1,1
349,11,891,219,53,61,1,1,1
349,10,706,262,61,76,1,1,1
349,9,572,247,71,78,1,1,1
349,12,1239,173,41,69,1,1,1
350,0,679,403,147,215,1,1,1
350,1,1003,111,117,136,1,1,1
350,8,469,231,59,68,1,1,1
350,10,706,259,61,77,1,1,1
350,11,890,217,54,61,1,1,1
350,9,571,244,73,78,1,1,1
350,12,1239,169,41,71,1,1,1
351,0,680,400,146,215,1,1,1
351,1,998,109,117,136,1,1,1
351,8,469,229,58,67,1,1,1
351,10,706,256,61,73,1,1,1
351,11,890,214,54,60,1,1,1
351,9,569,242,75,78,1,1,1
351,12,1237,167,43,71,1,1,1
352,0,679,397,147,215,1,1,1
352,1,993,106,119,136,1,1,1
352,10,706,254,61,72,1,1,1
352,11,890,212,52,58,1,1,1
352,8,469,227,57,64,1,1,1
352,12,1239,165,41,67,1,1,1
352,9,568,240,75,79,1,1,1
353,0,679,395,146,214,1,1,1
353,1,989,104,119,133,1,1,1
353,8,469,224,56,67,1,1,1
353,10,706,252,62,74,1,1,1
353,11,889,209,53,59,1,1,1
353,9,565,237,78,85,1,1,1
353,12,1238,162,42,68,1,1,1
354,0,680,394,145,214,1,1,1
354,1,983,100,118,133,1,1,1
354,8,468,222,58,68,1,1,1
354,11,889,205,52,58,1,1,1
354,10,706,249,62,75,1,1,1
354,9,567,234,75,85,1,1,1
354,12,1237,158,43,69,1,1,1
355,0,680,392,145,212,1,1,1
355,1,976,97,118,133,1,1,1
355,8,468,220,57,67,1,1,1
355,11,889,204,51,56,1,1,1
355,10,706,246,62,75,1,1,1
355,9,565,232,77,83,1,1,1
355,3,1057,202,53,57,1,1,1
355,12,1235,154,45,73,1,1,1
356,0,679,390,146,214,1,1,1
356,1,970,93,118,132,1,1,1
356,8,467,216,58,66,1,1,1
356,10,705,243,64,75,1,1,1
356,11,888,200,52,55,1,1,1
356,9,564,229,78,84,1,1,1
356,3,1057,200,52,57,1,1,1
356,12,1235,150,45,70,1,1,1
357,0,679,387,146,213,1,1,1
357,1,964,90,117,133,1,1,1
357,8,466,214,59,67,1,1,1
357,10,706,241,61,69,1,1,1
357,12,1236,148,44,68,1,1,1
357,11,888,197,51,52,1,1,1
357,3,1058,197,50,57,1,1,1
357,9,570,226,69,78,1,1,1
358,0,679,383,145,214,1,1,1
358,1,956,87,117,133,1,1,1
358,10,706,238,61,71,1,1,1
358,3,1056,194,52,61,1,1,1
358,8,466,211,57,66,1,1,1
358,12,1233,145,47,71,1,1,1
358,9,567,223,70,78,1,1,1
358,11,887,194,52,54,1,1,1
359,0,679,382,145,211,1,1,1
359,1,948,86,116,132,1,1,1
359,10,706,236,61,73,1,1,1
359,8,466,208,57,68,1,1,1
359,3,1056,191,52,62,1,1,1
359,12,1233,142,47,72,1,1,1
359,9,564,221,73,80,1,1,1
360,0,679,377,145,212,1,1,1
360,1,939,82,116,133,1,1,1
360,8,465,205,59,72,1,1,1
360,10,707,233,61,75,1,1,1
360,3,1055,186,52,62,1,1,1
360,9,563,218,71,77,1,1,1
360,12,1231,137,49,72,1,1,1
361,0,678,372,147,213,1,1,1
361,1,930,79,113,134,1,1,1
361,8,465,202,58,72,1,1,1
361,10,706,229,61,77,1,1,1
361,9,558,215,75,80,1,1,1
361,3,1054,183,52,60,1,1,1
361,12,1232,134,48,72,1,1,1
362,0,677,370,148,211,1,1,1
362,1,918,76,116,134,1,1,1
362,8,463,199,60,72,1,1,1
362,10,706,225,61,76,1,1,1
362,3,1054,179,52,62,1,1,1
362,9,559,212,72,77,1,1,1
362,12,1231,130,49,72,1,1,1
363,0,678,364,146,215,1,1,1
363,1,907,71,117,135,1,1,1
363,10,706,222,60,70,1,1,1
363,8,463,196,58,68,1,1,1
363,3,1053,175,53,66,1,1,1
363,12,1230,126,50,77,1,1,1
363,9,560,208,69,76,1,1,1
364,0,675,361,151,210,1,1,1
364,1,894,64,118,137,1,1,1
364,10,705,216,61,77,1,1,1
364,8,463,188,58,69,1,1,1
364,3,1052,169,54,66,1,1,1
364,12,1228,121,52,82,1,1,1
364,9,559,199,69,77,1,1,1
365,0,676,352,151,211,1,1,1
365,1,884,53,119,142,1,1,1
365,10,705,208,60,73,1,1,1
365,8,461,182,61,71,1,1,1
365,3,1052,163,55,65,1,1,1
365,12,1227,114,53,83,1,1,1
365,9,556,192,71,80,1,1,1
366,0,675,341,154,215,1,1,1
366,1,872,42,122,141,1,1,1
366,10,704,196,62,79,1,1,1
366,3,1053,155,53,64,1,1,1
366,8,462,178,57,60,1,1,1
366,9,557,175,57,87,1,1,1
367,0,672,325,152,219,1,1,1
367,10,703,178,62,83,1,1,1
367,1,862,21,121,149,1,1,1
367,3,1053,138,54,68,1,1,1
367,8,464,159,52,71,1,1,1
367,9,559,171,50,71,1,1,1
368,0,672,313,151,216,1,1,1
368,1,858,13,120,137,1,1,1
368,10,703,172,62,77,1,1,1
368,3,1053,126,58,70,1,1,1
368,12,1229,78,51,88,1,1,1
368,8,459,146,61,78,1,1,1
368,9,552,156,69,80,1,1,1
369,0,672,300,147,217,1,1,1
369,1,850,9,118,135,1,1,1
369,10,701,158,65,87,1,1,1
369,3,1053,114,58,74,1,1,1
369,8,456,138,59,74,1,1,1
369,9,550,150,57,71,1,1,1
