0 0.0800691 0.417084 0.0422836 0.0838394 0.78805
0 0.556904 0.112149 0.0126309 0.0252376 0.76474
0 0.757889 0.225893 0.0219028 0.0498368 0.757867
0 0.346619 0.21905 0.0168931 0.0363165 0.757597
0 0.683252 0.147624 0.0166454 0.0354969 0.752972
0 0.919655 0.286044 0.0228138 0.0549038 0.751434
0 0.404048 0.288923 0.0239615 0.0496711 0.751177
0 0.674886 0.345784 0.0292361 0.065846 0.744395
0 0.776426 0.294996 0.0240067 0.0539417 0.741726
0 0.829203 0.131746 0.0135735 0.0329024 0.739424
0 0.781282 0.113726 0.0129425 0.031368 0.735859
0 0.60941 0.203959 0.0199871 0.0415062 0.728587
0 0.559566 0.291551 0.0255867 0.0533103 0.72843
0 0.598984 0.330583 0.0267843 0.0590103 0.728208
0 0.465209 0.245612 0.0207471 0.0418666 0.725657
0 0.384965 0.194347 0.0151038 0.0300374 0.72131
0 0.541373 0.168615 0.017278 0.0344271 0.719178
0 0.868289 0.122292 0.0132336 0.0326818 0.719128
0 0.480824 0.315535 0.0278529 0.0573593 0.718327
0 0.584843 0.152327 0.0164936 0.0342084 0.71727
0 0.44403 0.229674 0.0179685 0.0383573 0.716155
0 0.370746 0.212133 0.0157562 0.03492 0.714427
0 0.6561 0.179415 0.0168976 0.0389085 0.713086
0 0.865626 0.224482 0.0186094 0.044145 0.708988
0 0.89196 0.122483 0.0125835 0.0327987 0.705466
0 0.769458 0.127571 0.013402 0.0297571 0.705293
0 0.883337 0.193396 0.0162117 0.038312 0.705253
0 0.534429 0.130824 0.0138357 0.0290085 0.705108
0 0.480762 0.186074 0.016226 0.033872 0.702407
0 0.671049 0.201481 0.0200275 0.0434975 0.700525
0 0.554767 0.241737 0.0220116 0.0464726 0.699425
0 0.323434 0.216979 0.0157124 0.0329089 0.698612
0 0.409839 0.234554 0.0184929 0.0367812 0.698518
0 0.742709 0.142925 0.0147411 0.0313879 0.69744
0 0.407855 0.1717 0.0156113 0.0315741 0.694611
0 0.920303 0.185163 0.016308 0.0386329 0.693533
0 0.926439 0.153398 0.0145441 0.0352701 0.68979
0 0.504228 0.198936 0.0176253 0.0387115 0.68281
0 0.460539 0.170334 0.014969 0.0327054 0.667353
0 0.608823 0.272416 0.0245135 0.049646 0.666876
0 0.734504 0.207468 0.019116 0.0437153 0.665608
0 0.768824 0.15471 0.0153838 0.0329555 0.664793
0 0.691166 0.0914651 0.0127747 0.029768 0.664672
0 0.609345 0.10732 0.0122668 0.0262046 0.65782
0 0.698788 0.175536 0.0179666 0.0387808 0.652347
0 0.79908 0.172362 0.0161217 0.0369024 0.650045
0 0.528759 0.211254 0.0189085 0.0395004 0.647198
0 0.717539 0.164856 0.0155915 0.0354447 0.643996
0 0.798198 0.132471 0.0132555 0.0309535 0.641128
0 0.810945 0.12485 0.0124264 0.029339 0.639965
0 0.261729 0.261385 0.0164482 0.0363828 0.638034
0 0.865898 0.159715 0.014801 0.0342681 0.635197
0 0.613869 0.13492 0.0148922 0.0318776 0.626356
0 0.709498 0.21899 0.0202419 0.0470847 0.620626
0 0.705972 0.137646 0.0150432 0.0337219 0.613058
0 0.42528 0.183046 0.0163384 0.0326889 0.599058
0 0.669477 0.118585 0.0129347 0.0292479 0.597133
0 0.44729 0.191894 0.0166838 0.0335206 0.58767
0 0.847772 0.167779 0.0158289 0.0381494 0.58734
0 0.733776 0.120146 0.0142874 0.0316907 0.582504
0 0.281432 0.262586 0.0163488 0.0360048 0.581054
0 0.677135 0.250642 0.0256147 0.0508547 0.57635
0 0.332194 0.246181 0.0177973 0.038026 0.565887
0 0.295736 0.25992 0.0171092 0.0372125 0.532502
0 0.593817 0.094773 0.0122547 0.0264244 0.525937
0 0.561249 0.143066 0.015034 0.0332066 0.515893
