0 0.688717 0.51691 0.0351173 0.072051 0.791104
0 0.229079 0.516018 0.0285352 0.0568414 0.78928
0 0.309529 0.720121 0.0314921 0.0656852 0.777809
0 0.126663 0.68121 0.0314547 0.0645943 0.775939
0 0.513458 0.725933 0.0300821 0.0617903 0.775258
0 0.124927 0.540703 0.0305917 0.0618948 0.775156
0 0.465262 0.60295 0.0281998 0.0599605 0.770914
0 0.188384 0.683657 0.0283058 0.0601718 0.767302
0 0.364419 0.715851 0.0317521 0.0670989 0.767073
0 0.5807 0.688723 0.0314995 0.0667623 0.753507
0 0.333985 0.521064 0.0251543 0.0541518 0.753052
0 0.41893 0.737265 0.02946 0.0591894 0.752984
0 0.175206 0.547882 0.0293195 0.0615749 0.752782
0 0.3477 0.649573 0.0308042 0.0590811 0.751653
0 0.259698 0.715831 0.0302263 0.0629537 0.74968
0 0.372436 0.55625 0.0289571 0.0622406 0.74957
0 0.512763 0.65729 0.0299007 0.0597435 0.747837
0 0.631957 0.722312 0.0364496 0.0762556 0.747704
0 0.489837 0.578469 0.0249382 0.0530642 0.745995
0 0.0776274 0.520847 0.031149 0.0647918 0.745161
0 0.209911 0.481765 0.0266433 0.0557794 0.736299
0 0.46673 0.521503 0.0231314 0.0472613 0.732829
0 0.407723 0.659432 0.0280861 0.0545722 0.73161
0 0.550542 0.520928 0.025724 0.0549371 0.731003
0 0.254901 0.534591 0.0282001 0.0587218 0.728241
0 0.153292 0.51133 0.0262578 0.0582997 0.723376
0 0.612644 0.52554 0.026622 0.0576719 0.72076
0 0.580988 0.518727 0.0263233 0.0616832 0.717556
0 0.645449 0.548835 0.0270127 0.059692 0.696687
0 0.304732 0.513978 0.0218899 0.0502235 0.672037
0 0.248512 0.608714 0.0326755 0.0666319 0.664774
0 0.424793 0.628667 0.0290154 0.064048 0.654564
0 0.422731 0.55363 0.0277777 0.0540027 0.628098
0 0.132093 0.493245 0.0257805 0.0542231 0.51268
