0 0.0718124 0.429282 0.0858007 0.160665
0 0.252722 0.426625 0.0803454 0.18306
0 0.724009 0.371805 0.055456 0.123316
0 0.378442 0.165363 0.0529058 0.115162
0 0.820633 0.366451 0.0610395 0.127421
0 0.176114 0.278111 0.0571781 0.115127
0 0.301238 0.27736 0.0405249 0.0875192
0 0.626891 0.286491 0.0346335 0.0758838
0 0.662285 0.299839 0.0319937 0.0686641
0 0.702973 0.303135 0.0335464 0.0720652
0 0.247127 0.284979 0.0318728 0.0725657
0 0.552487 0.296762 0.0330191 0.0788606
0 0.564426 0.297934 0.0362279 0.0819353
