0 0.820004 0.524444 0.026862 0.0565627 0.822124
0 0.883823 0.425856 0.0282518 0.0617069 0.815985
0 0.118373 0.477506 0.024905 0.0506223 0.815754
0 0.186248 0.477516 0.0238203 0.0464935 0.804623
0 0.253332 0.488037 0.0239502 0.0501588 0.800344
0 0.0488104 0.491181 0.0255292 0.0515754 0.798831
0 0.565679 0.41104 0.0185972 0.0420589 0.797979
0 0.752829 0.435042 0.0223653 0.0447689 0.794446
0 0.847277 0.384209 0.0239304 0.0485672 0.792819
0 0.317281 0.491653 0.0211174 0.04351 0.792673
0 0.442623 0.51922 0.0197145 0.0424662 0.791873
0 0.391887 0.488884 0.0205246 0.0441602 0.791617
0 0.189505 0.378888 0.0209863 0.0445282 0.789549
0 0.597033 0.411879 0.0207439 0.044958 0.789478
0 0.0648767 0.438339 0.0264081 0.0498655 0.784281
0 0.466788 0.374525 0.0169302 0.0364849 0.781873
0 0.518358 0.501071 0.0217273 0.0460282 0.781608
0 0.478103 0.499532 0.0195393 0.0411592 0.780202
0 0.721144 0.427931 0.0215258 0.0456989 0.779295
0 0.755103 0.507884 0.0238272 0.0502422 0.778962
0 0.666729 0.460956 0.0228868 0.0461261 0.77895
0 0.269611 0.427834 0.0198667 0.0418667 0.778771
0 0.31808 0.43508 0.0197399 0.0446798 0.777121
0 0.572243 0.479132 0.0193596 0.0397399 0.775008
0 0.698096 0.498545 0.022344 0.0441207 0.77484
0 0.63671 0.520066 0.0213175 0.0437749 0.774194
0 0.351833 0.493705 0.0201897 0.0395848 0.773298
0 0.602648 0.53573 0.0207293 0.0400755 0.773259
0 0.446982 0.425619 0.0192667 0.0400928 0.772923
0 0.106574 0.380022 0.0203906 0.0444324 0.769509
0 0.639915 0.421902 0.0193095 0.0452079 0.769246
0 0.427822 0.499353 0.018944 0.0410376 0.768659
0 0.158396 0.363518 0.0212774 0.0441814 0.76782
0 0.400245 0.391981 0.0174429 0.0366726 0.767278
0 0.484822 0.447219 0.0195579 0.0415723 0.767168
0 0.692818 0.391935 0.018939 0.0377857 0.765159
0 0.244078 0.404038 0.0180964 0.0377944 0.764361
0 0.334901 0.385658 0.0162882 0.0354561 0.762533
0 0.421628 0.427906 0.018705 0.0387034 0.760488
0 0.359361 0.437625 0.0196494 0.0441154 0.760103
0 0.676078 0.37937 0.0189421 0.0401868 0.759796
0 0.549079 0.378148 0.0168892 0.0360703 0.757587
0 0.540374 0.407483 0.0179316 0.0389886 0.757261
0 0.266169 0.389714 0.0177111 0.0347184 0.756821
0 0.171988 0.418236 0.0239449 0.0485208 0.755801
0 0.487383 0.368463 0.0167359 0.0351456 0.755002
0 0.797754 0.387579 0.0233112 0.0490494 0.754543
0 0.510563 0.391601 0.0180769 0.0389765 0.754248
0 0.526535 0.394896 0.0156701 0.0350312 0.751347
0 0.318946 0.394823 0.0176569 0.0379119 0.748738
0 0.585183 0.389149 0.0180585 0.0374164 0.747086
0 0.753297 0.392316 0.020532 0.0408391 0.746991
0 0.623244 0.383023 0.0219844 0.0400679 0.745566
0 0.0730663 0.383541 0.0223318 0.0476115 0.741536
0 0.300655 0.400188 0.0196543 0.0430762 0.735033
0 0.509226 0.442175 0.0197859 0.0413291 0.733442
0 0.422202 0.39536 0.0188599 0.0382989 0.731359
0 0.248318 0.372519 0.0181826 0.0336447 0.720319
0 0.124029 0.406093 0.0238467 0.0439629 0.715956
0 0.370918 0.377378 0.0164138 0.0326881 0.708018
0 0.2192 0.38229 0.020057 0.0390844 0.699915
0 0.35334 0.38366 0.0163286 0.034992 0.688268
0 0.367189 0.407798 0.0195821 0.0397859 0.683541
0 0.349988 0.382816 0.0140523 0.0361357 0.674004
0 0.220815 0.455538 0.022307 0.0489093 0.655768
0 0.411712 0.376182 0.0162931 0.0329788 0.635885
0 0.298514 0.375605 0.0173284 0.0320859 0.596952
0 0.671402 0.420175 0.0174979 0.0371562 0.54794
